1 2 0.7 0.7 209.0 43.0 209.0 8.0 4.0 8.0 
1 2 0.45 0.45 349.0 70.0 349.0 117.0 30.0 117.0 
1 3 0.79 0.79 349.0 70.0 349.0 117.0 30.0 117.0 158.0 53.0 158.0 
1 4 0.86 0.86 349.0 70.0 349.0 117.0 30.0 117.0 158.0 53.0 158.0 696.0 49.0 696.0 
1 5 0.86 0.86 349.0 70.0 349.0 117.0 30.0 117.0 158.0 53.0 158.0 696.0 49.0 696.0 524.0 2.0 524.0 
1 6 0.93 0.93 349.0 70.0 349.0 117.0 30.0 117.0 158.0 53.0 158.0 696.0 49.0 696.0 524.0 2.0 524.0 483.0 35.0 483.0 
1 2 0.25 0.25 12.0 2.0 12.0 541.0 49.0 541.0 
1 3 0.38 0.38 12.0 2.0 12.0 541.0 49.0 541.0 396.0 49.0 396.0 
1 4 0.59 0.59 12.0 2.0 12.0 541.0 49.0 541.0 396.0 49.0 396.0 234.0 51.0 234.0 
1 5 0.61 0.61 12.0 2.0 12.0 541.0 49.0 541.0 396.0 49.0 396.0 234.0 51.0 234.0 593.0 12.0 593.0 
1 6 0.68 0.68 12.0 2.0 12.0 541.0 49.0 541.0 396.0 49.0 396.0 234.0 51.0 234.0 593.0 12.0 593.0 653.0 40.0 653.0 
1 7 0.78 0.78 12.0 2.0 12.0 541.0 49.0 541.0 396.0 49.0 396.0 234.0 51.0 234.0 593.0 12.0 593.0 653.0 40.0 653.0 376.0 39.0 376.0 
1 8 0.95 0.95 12.0 2.0 12.0 541.0 49.0 541.0 396.0 49.0 396.0 234.0 51.0 234.0 593.0 12.0 593.0 653.0 40.0 653.0 376.0 39.0 376.0 444.0 75.0 444.0 
1 2 0.4 0.4 492.0 125.0 492.0 718.0 111.0 718.0 
1 3 0.51 0.51 492.0 125.0 492.0 718.0 111.0 718.0 174.0 19.0 174.0 
1 4 0.79 0.79 492.0 125.0 492.0 718.0 111.0 718.0 174.0 19.0 174.0 589.0 164.0 589.0 
1 2 0.79 0.79 226.0 88.0 226.0 837.0 337.0 837.0 
1 2 0.46 0.46 881.0 92.0 881.0 510.0 185.0 510.0 
1 3 0.54 0.54 881.0 92.0 881.0 510.0 185.0 510.0 711.0 55.0 711.0 
1 4 0.6 0.6 881.0 92.0 881.0 510.0 185.0 510.0 711.0 55.0 711.0 618.0 39.0 618.0 
1 5 0.65 0.65 881.0 92.0 881.0 510.0 185.0 510.0 711.0 55.0 711.0 618.0 39.0 618.0 618.0 31.0 618.0 
1 2 0.35 0.35 877.0 129.0 877.0 377.0 80.0 377.0 
1 3 0.72 0.72 877.0 129.0 877.0 377.0 80.0 377.0 887.0 324.0 887.0 
1 2 0.53 0.53 765.0 24.0 765.0 63.0 32.0 63.0 
1 3 0.82 0.82 765.0 24.0 765.0 63.0 32.0 63.0 663.0 189.0 663.0 
1 4 0.94 0.94 765.0 24.0 765.0 63.0 32.0 63.0 663.0 189.0 663.0 250.0 31.0 250.0 
1 2 0.24 0.24 452.0 6.0 452.0 179.0 42.0 179.0 
1 3 0.6 0.6 452.0 6.0 452.0 179.0 42.0 179.0 744.0 267.0 744.0 
1 4 0.9 0.9 452.0 6.0 452.0 179.0 42.0 179.0 744.0 267.0 744.0 645.0 191.0 645.0 
1 2 0.69 0.69 929.0 293.0 929.0 159.0 60.0 159.0 
1 2 0.71 0.71 763.0 43.0 763.0 668.0 440.0 668.0 
1 3 0.91 0.91 763.0 43.0 763.0 668.0 440.0 668.0 745.0 150.0 745.0 
1 2 0.96 0.96 133.0 32.0 133.0 692.0 500.0 692.0 
1 2 0.71 0.71 997.0 482.0 997.0 132.0 30.0 132.0 
1 2 0.51 0.51 921.0 116.0 921.0 244.0 95.0 244.0 
1 3 0.73 0.73 921.0 116.0 921.0 244.0 95.0 244.0 830.0 185.0 830.0 
1 2 0.42 0.42 390.0 158.0 390.0 671.0 11.0 671.0 
1 2 0.34 0.34 596.0 50.0 596.0 350.0 91.0 350.0 
1 2 0.3 0.3 947.0 176.0 947.0 446.0 51.0 446.0 
1 3 0.31 0.31 947.0 176.0 947.0 446.0 51.0 446.0 660.0 10.0 660.0 
1 4 0.72 0.72 947.0 176.0 947.0 446.0 51.0 446.0 660.0 10.0 660.0 157.0 65.0 157.0 
1 5 0.89 0.89 947.0 176.0 947.0 446.0 51.0 446.0 660.0 10.0 660.0 157.0 65.0 157.0 551.0 89.0 551.0 
1 2 0.56 0.56 970.0 398.0 970.0 13.0 2.0 13.0 
1 3 0.61 0.61 970.0 398.0 970.0 13.0 2.0 13.0 820.0 42.0 820.0 
1 4 0.8 0.8 970.0 398.0 970.0 13.0 2.0 13.0 820.0 42.0 820.0 109.0 21.0 109.0 
1 5 0.91 0.91 970.0 398.0 970.0 13.0 2.0 13.0 820.0 42.0 820.0 109.0 21.0 109.0 946.0 99.0 946.0 
1 2 0.15 0.15 960.0 46.0 960.0 834.0 90.0 834.0 
1 3 0.47 0.47 960.0 46.0 960.0 834.0 90.0 834.0 717.0 230.0 717.0 
1 4 0.7 0.7 960.0 46.0 960.0 834.0 90.0 834.0 717.0 230.0 717.0 121.0 28.0 121.0 
1 2 0.22 0.22 883.0 163.0 883.0 73.0 3.0 73.0 
1 3 0.33 0.33 883.0 163.0 883.0 73.0 3.0 73.0 646.0 72.0 646.0 
1 4 0.78 0.78 883.0 163.0 883.0 73.0 3.0 73.0 646.0 72.0 646.0 545.0 242.0 545.0 
1 5 0.87 0.87 883.0 163.0 883.0 73.0 3.0 73.0 646.0 72.0 646.0 545.0 242.0 545.0 348.0 32.0 348.0 
1 2 0.97 0.97 804.0 188.0 804.0 962.0 712.0 962.0 
1 2 0.95 0.95 894.0 496.0 894.0 351.0 141.0 351.0 
1 2 0.79 0.79 519.0 174.0 519.0 381.0 175.0 381.0 
1 3 0.86 0.86 519.0 174.0 519.0 381.0 175.0 381.0 479.0 32.0 479.0 
1 2 0.1 0.1 248.0 20.0 248.0 890.0 22.0 890.0 
1 3 0.91 0.91 248.0 20.0 248.0 890.0 22.0 890.0 291.0 235.0 291.0 
1 2 0.51 0.51 633.0 117.0 633.0 644.0 212.0 644.0 
1 2 0.54 0.54 944.0 431.0 944.0 167.0 15.0 167.0 
1 2 0.52 0.52 449.0 131.0 449.0 670.0 156.0 670.0 
1 3 0.96 0.96 449.0 131.0 449.0 670.0 156.0 670.0 723.0 322.0 723.0 
1 2 0.5 0.5 851.0 316.0 851.0 747.0 100.0 747.0 
1 3 0.53 0.53 851.0 316.0 851.0 747.0 100.0 747.0 520.0 18.0 520.0 
1 4 0.8 0.8 851.0 316.0 851.0 747.0 100.0 747.0 520.0 18.0 520.0 722.0 192.0 722.0 
1 2 0.95 0.95 263.0 123.0 263.0 319.0 155.0 319.0 
1 2 0.43 0.43 421.0 21.0 421.0 501.0 195.0 501.0 
1 3 0.44 0.44 421.0 21.0 421.0 501.0 195.0 501.0 239.0 1.0 239.0 
1 4 0.51 0.51 421.0 21.0 421.0 501.0 195.0 501.0 239.0 1.0 239.0 308.0 22.0 308.0 
1 5 0.63 0.63 421.0 21.0 421.0 501.0 195.0 501.0 239.0 1.0 239.0 308.0 22.0 308.0 473.0 57.0 473.0 
1 2 0.18 0.18 566.0 27.0 566.0 340.0 47.0 340.0 
1 3 0.61 0.61 566.0 27.0 566.0 340.0 47.0 340.0 521.0 225.0 521.0 
1 4 0.64 0.64 566.0 27.0 566.0 340.0 47.0 340.0 521.0 225.0 521.0 280.0 7.0 280.0 
1 5 0.74 0.74 566.0 27.0 566.0 340.0 47.0 340.0 521.0 225.0 521.0 280.0 7.0 280.0 593.0 58.0 593.0 
1 2 0.49 0.49 768.0 182.0 768.0 149.0 39.0 149.0 
1 3 0.5 0.5 768.0 182.0 768.0 149.0 39.0 149.0 960.0 9.0 960.0 
1 2 0.48 0.48 851.0 210.0 851.0 573.0 137.0 573.0 
1 3 0.51 0.51 851.0 210.0 851.0 573.0 137.0 573.0 94.0 3.0 94.0 
1 4 0.62 0.62 851.0 210.0 851.0 573.0 137.0 573.0 94.0 3.0 94.0 841.0 89.0 841.0 
1 2 0.38 0.38 179.0 4.0 179.0 182.0 66.0 182.0 
1 3 0.8 0.8 179.0 4.0 179.0 182.0 66.0 182.0 197.0 82.0 197.0 
1 4 0.83 0.83 179.0 4.0 179.0 182.0 66.0 182.0 197.0 82.0 197.0 346.0 12.0 346.0 
1 5 0.93 0.93 179.0 4.0 179.0 182.0 66.0 182.0 197.0 82.0 197.0 346.0 12.0 346.0 451.0 46.0 451.0 
1 2 0.82 0.82 435.0 357.0 435.0 909.0 3.0 909.0 
1 2 0.86 0.86 790.0 324.0 790.0 605.0 278.0 605.0 
1 2 0.87 0.87 76.0 37.0 76.0 756.0 294.0 756.0 
1 3 0.95 0.95 76.0 37.0 76.0 756.0 294.0 756.0 983.0 81.0 983.0 
1 4 0.99 0.99 76.0 37.0 76.0 756.0 294.0 756.0 983.0 81.0 983.0 680.0 26.0 680.0 
1 2 0.71 0.71 772.0 186.0 772.0 863.0 407.0 863.0 
1 2 0.38 0.38 906.0 190.0 906.0 487.0 83.0 487.0 
1 2 0.52 0.52 177.0 32.0 177.0 351.0 122.0 351.0 
1 3 0.88 0.88 177.0 32.0 177.0 351.0 122.0 351.0 877.0 311.0 877.0 
1 2 0.54 0.54 996.0 189.0 996.0 199.0 70.0 199.0 
1 3 0.56 0.56 996.0 189.0 996.0 199.0 70.0 199.0 275.0 7.0 275.0 
1 4 0.92 0.92 996.0 189.0 996.0 199.0 70.0 199.0 275.0 7.0 275.0 163.0 58.0 163.0 
1 5 0.94 0.94 996.0 189.0 996.0 199.0 70.0 199.0 275.0 7.0 275.0 163.0 58.0 163.0 349.0 7.0 349.0 
1 2 0.82 0.82 273.0 224.0 273.0 325.0 2.0 325.0 
1 3 0.96 0.96 273.0 224.0 273.0 325.0 2.0 325.0 878.0 118.0 878.0 
1 2 0.65 0.65 53.0 23.0 53.0 793.0 178.0 793.0 
1 3 0.72 0.72 53.0 23.0 53.0 793.0 178.0 793.0 506.0 33.0 506.0 
1 4 0.78 0.78 53.0 23.0 53.0 793.0 178.0 793.0 506.0 33.0 506.0 960.0 59.0 960.0 
1 5 0.83 0.83 53.0 23.0 53.0 793.0 178.0 793.0 506.0 33.0 506.0 960.0 59.0 960.0 479.0 26.0 479.0 
1 2 0.73 0.73 737.0 227.0 737.0 61.0 26.0 61.0 
1 3 0.94 0.94 737.0 227.0 737.0 61.0 26.0 61.0 89.0 19.0 89.0 
1 2 0.67 0.67 637.0 278.0 637.0 77.0 18.0 77.0 
1 3 0.98 0.98 637.0 278.0 637.0 77.0 18.0 77.0 122.0 38.0 122.0 
1 2 0.48 0.48 354.0 134.0 354.0 397.0 42.0 397.0 
1 3 0.57 0.57 354.0 134.0 354.0 397.0 42.0 397.0 140.0 12.0 140.0 
1 4 0.59 0.59 354.0 134.0 354.0 397.0 42.0 397.0 140.0 12.0 140.0 196.0 5.0 196.0 
1 2 0.83 0.83 38.0 17.0 38.0 450.0 174.0 450.0 
1 2 0.2 0.2 271.0 34.0 271.0 952.0 72.0 952.0 
1 3 0.5 0.5 271.0 34.0 271.0 952.0 72.0 952.0 392.0 119.0 392.0 
1 4 0.9 0.9 271.0 34.0 271.0 952.0 72.0 952.0 392.0 119.0 392.0 255.0 101.0 255.0 
1 2 0.63 0.63 419.0 176.0 419.0 982.0 213.0 982.0 
1 3 0.79 0.79 419.0 176.0 419.0 982.0 213.0 982.0 519.0 82.0 519.0 
1 2 0.34 0.34 498.0 74.0 498.0 735.0 141.0 735.0 
1 3 0.76 0.76 498.0 74.0 498.0 735.0 141.0 735.0 216.0 92.0 216.0 
1 2 0.42 0.42 646.0 19.0 646.0 688.0 272.0 688.0 
1 3 0.86 0.86 646.0 19.0 646.0 688.0 272.0 688.0 891.0 396.0 891.0 
1 2 0.91 0.91 59.0 26.0 59.0 840.0 400.0 840.0 
1 2 0.43 0.43 846.0 2.0 846.0 423.0 185.0 423.0 
1 3 0.77 0.77 846.0 2.0 846.0 423.0 185.0 423.0 50.0 17.0 50.0 
1 4 0.97 0.97 846.0 2.0 846.0 423.0 185.0 423.0 50.0 17.0 50.0 98.0 19.0 98.0 
1 2 0.31 0.31 626.0 78.0 626.0 939.0 179.0 939.0 
1 3 0.37 0.37 626.0 78.0 626.0 939.0 179.0 939.0 68.0 4.0 68.0 
1 4 0.97 0.97 626.0 78.0 626.0 939.0 179.0 939.0 68.0 4.0 68.0 617.0 371.0 617.0 
1 2 0.61 0.61 783.0 277.0 783.0 828.0 220.0 828.0 
1 3 0.95 0.95 783.0 277.0 783.0 828.0 220.0 828.0 345.0 115.0 345.0 
1 2 0.7 0.7 273.0 89.0 273.0 16.0 6.0 16.0 
1 2 0.37 0.37 627.0 212.0 627.0 997.0 41.0 997.0 
1 2 0.29 0.29 497.0 122.0 497.0 907.0 41.0 907.0 
1 3 0.48 0.48 497.0 122.0 497.0 907.0 41.0 907.0 990.0 191.0 990.0 
1 4 0.62 0.62 497.0 122.0 497.0 907.0 41.0 907.0 990.0 191.0 990.0 277.0 38.0 277.0 
1 5 0.85 0.85 497.0 122.0 497.0 907.0 41.0 907.0 990.0 191.0 990.0 277.0 38.0 277.0 72.0 17.0 72.0 
1 2 0.22 0.22 171.0 18.0 171.0 968.0 118.0 968.0 
1 3 0.34 0.34 171.0 18.0 171.0 968.0 118.0 968.0 896.0 102.0 896.0 
1 4 0.51 0.51 171.0 18.0 171.0 968.0 118.0 968.0 896.0 102.0 896.0 591.0 105.0 591.0 
1 5 0.64 0.64 171.0 18.0 171.0 968.0 118.0 968.0 896.0 102.0 896.0 591.0 105.0 591.0 421.0 55.0 421.0 
1 6 0.9 0.9 171.0 18.0 171.0 968.0 118.0 968.0 896.0 102.0 896.0 591.0 105.0 591.0 421.0 55.0 421.0 446.0 116.0 446.0 
1 2 0.73 0.73 62.0 9.0 62.0 114.0 67.0 114.0 
1 3 0.85 0.85 62.0 9.0 62.0 114.0 67.0 114.0 836.0 99.0 836.0 
1 4 0.89 0.89 62.0 9.0 62.0 114.0 67.0 114.0 836.0 99.0 836.0 205.0 8.0 205.0 
1 2 0.07 0.07 315.0 11.0 315.0 528.0 22.0 528.0 
1 3 0.28 0.28 315.0 11.0 315.0 528.0 22.0 528.0 867.0 184.0 867.0 
1 4 0.62 0.62 315.0 11.0 315.0 528.0 22.0 528.0 867.0 184.0 867.0 115.0 39.0 115.0 
1 5 0.69 0.69 315.0 11.0 315.0 528.0 22.0 528.0 867.0 184.0 867.0 115.0 39.0 115.0 780.0 51.0 780.0 
1 6 0.91 0.91 315.0 11.0 315.0 528.0 22.0 528.0 867.0 184.0 867.0 115.0 39.0 115.0 780.0 51.0 780.0 604.0 136.0 604.0 
1 2 0.17 0.17 918.0 45.0 918.0 409.0 50.0 409.0 
1 3 0.38 0.38 918.0 45.0 918.0 409.0 50.0 409.0 385.0 81.0 385.0 
1 4 0.58 0.58 918.0 45.0 918.0 409.0 50.0 409.0 385.0 81.0 385.0 211.0 43.0 211.0 
1 2 0.54 0.54 97.0 46.0 97.0 97.0 7.0 97.0 
1 3 0.94 0.94 97.0 46.0 97.0 97.0 7.0 97.0 613.0 242.0 613.0 
1 2 0.71 0.71 955.0 238.0 955.0 644.0 300.0 644.0 
1 2 0.71 0.71 444.0 185.0 444.0 582.0 172.0 582.0 
1 2 0.25 0.25 252.0 62.0 252.0 212.0 1.0 212.0 
1 3 0.39 0.39 252.0 62.0 252.0 212.0 1.0 212.0 491.0 72.0 491.0 
1 4 0.79 0.79 252.0 62.0 252.0 212.0 1.0 212.0 491.0 72.0 491.0 951.0 379.0 951.0 
1 2 0.95 0.95 80.0 23.0 80.0 3.0 2.0 3.0 
1 2 0.14 0.14 789.0 58.0 789.0 448.0 33.0 448.0 
1 3 0.18 0.18 789.0 58.0 789.0 448.0 33.0 448.0 747.0 31.0 747.0 
1 4 0.27 0.27 789.0 58.0 789.0 448.0 33.0 448.0 747.0 31.0 747.0 471.0 42.0 471.0 
1 5 0.29 0.29 789.0 58.0 789.0 448.0 33.0 448.0 747.0 31.0 747.0 471.0 42.0 471.0 864.0 18.0 864.0 
1 6 0.9 0.9 789.0 58.0 789.0 448.0 33.0 448.0 747.0 31.0 747.0 471.0 42.0 471.0 864.0 18.0 864.0 857.0 523.0 857.0 
1 2 0.53 0.53 225.0 41.0 225.0 794.0 277.0 794.0 
1 2 0.34 0.34 34.0 9.0 34.0 915.0 75.0 915.0 
1 3 0.66 0.66 34.0 9.0 34.0 915.0 75.0 915.0 316.0 102.0 316.0 
1 4 0.94 0.94 34.0 9.0 34.0 915.0 75.0 915.0 316.0 102.0 316.0 66.0 18.0 66.0 
1 2 0.16 0.16 672.0 12.0 672.0 811.0 116.0 811.0 
1 3 0.3 0.3 672.0 12.0 672.0 811.0 116.0 811.0 556.0 81.0 556.0 
1 2 0.71 0.71 502.0 180.0 502.0 96.0 34.0 96.0 
1 3 0.94 0.94 502.0 180.0 502.0 96.0 34.0 96.0 732.0 169.0 732.0 
1 2 0.92 0.92 283.0 130.0 283.0 159.0 74.0 159.0 
1 2 0.47 0.47 369.0 158.0 369.0 877.0 37.0 877.0 
1 3 0.6 0.6 369.0 158.0 369.0 877.0 37.0 877.0 174.0 24.0 174.0 
1 2 0.44 0.44 114.0 4.0 114.0 495.0 203.0 495.0 
1 3 0.65 0.65 114.0 4.0 114.0 495.0 203.0 495.0 517.0 106.0 517.0 
1 2 0.92 0.92 473.0 136.0 473.0 710.0 456.0 710.0 
1 2 0.87 0.87 764.0 321.0 764.0 40.0 18.0 40.0 
1 3 0.97 0.97 764.0 321.0 764.0 40.0 18.0 40.0 141.0 15.0 141.0 
1 2 0.46 0.46 906.0 126.0 906.0 382.0 123.0 382.0 
1 3 0.5 0.5 906.0 126.0 906.0 382.0 123.0 382.0 442.0 20.0 442.0 
1 2 0.52 0.52 158.0 31.0 158.0 55.0 18.0 55.0 
1 3 0.97 0.97 158.0 31.0 158.0 55.0 18.0 55.0 210.0 94.0 210.0 
1 2 0.58 0.58 648.0 203.0 648.0 764.0 205.0 764.0 
1 2 0.2 0.2 110.0 12.0 110.0 418.0 41.0 418.0 
1 3 0.59 0.59 110.0 12.0 110.0 418.0 41.0 418.0 699.0 270.0 699.0 
1 2 0.57 0.57 903.0 406.0 903.0 394.0 48.0 394.0 
1 3 0.96 0.96 903.0 406.0 903.0 394.0 48.0 394.0 441.0 175.0 441.0 
1 2 0.99 0.99 749.0 18.0 749.0 870.0 844.0 870.0 
1 2 0.76 0.76 894.0 623.0 894.0 525.0 36.0 525.0 
1 2 0.62 0.62 936.0 356.0 936.0 687.0 170.0 687.0 
1 3 0.69 0.69 936.0 356.0 936.0 687.0 170.0 687.0 386.0 25.0 386.0 
1 4 0.77 0.77 936.0 356.0 936.0 687.0 170.0 687.0 386.0 25.0 386.0 477.0 37.0 477.0 
1 5 0.84 0.84 936.0 356.0 936.0 687.0 170.0 687.0 386.0 25.0 386.0 477.0 37.0 477.0 198.0 15.0 198.0 
1 2 0.19 0.19 164.0 9.0 164.0 394.0 55.0 394.0 
1 3 0.6 0.6 164.0 9.0 164.0 394.0 55.0 394.0 268.0 109.0 268.0 
1 4 0.96 0.96 164.0 9.0 164.0 394.0 55.0 394.0 268.0 109.0 268.0 574.0 206.0 574.0 
1 2 0.2 0.2 400.0 61.0 400.0 866.0 45.0 866.0 
1 3 0.54 0.54 400.0 61.0 400.0 866.0 45.0 866.0 378.0 127.0 378.0 
1 4 0.89 0.89 400.0 61.0 400.0 866.0 45.0 866.0 378.0 127.0 378.0 201.0 72.0 201.0 
1 5 0.96 0.96 400.0 61.0 400.0 866.0 45.0 866.0 378.0 127.0 378.0 201.0 72.0 201.0 789.0 55.0 789.0 
1 2 0.96 0.96 343.0 286.0 343.0 707.0 91.0 707.0 
1 2 0.55 0.55 274.0 76.0 274.0 615.0 168.0 615.0 
1 2 0.36 0.36 681.0 45.0 681.0 274.0 81.0 274.0 
1 3 0.4 0.4 681.0 45.0 681.0 274.0 81.0 274.0 766.0 31.0 766.0 
1 4 0.47 0.47 681.0 45.0 681.0 274.0 81.0 274.0 766.0 31.0 766.0 797.0 58.0 797.0 
1 5 0.93 0.93 681.0 45.0 681.0 274.0 81.0 274.0 766.0 31.0 766.0 797.0 58.0 797.0 905.0 417.0 905.0 
1 2 0.85 0.85 404.0 166.0 404.0 54.0 24.0 54.0 
1 2 0.35 0.35 101.0 23.0 101.0 828.0 106.0 828.0 
1 3 0.94 0.94 101.0 23.0 101.0 828.0 106.0 828.0 616.0 361.0 616.0 
1 2 0.35 0.35 781.0 78.0 781.0 105.0 27.0 105.0 
1 3 0.4 0.4 781.0 78.0 781.0 105.0 27.0 105.0 133.0 6.0 133.0 
1 4 0.86 0.86 781.0 78.0 781.0 105.0 27.0 105.0 133.0 6.0 133.0 291.0 135.0 291.0 
1 2 0.86 0.86 773.0 315.0 773.0 26.0 12.0 26.0 
1 2 0.32 0.32 306.0 82.0 306.0 744.0 39.0 744.0 
1 3 0.76 0.76 306.0 82.0 306.0 744.0 39.0 744.0 802.0 354.0 802.0 
1 2 0.64 0.64 450.0 59.0 450.0 727.0 375.0 727.0 
1 2 0.89 0.89 130.0 59.0 130.0 806.0 353.0 806.0 
1 2 0.66 0.66 174.0 65.0 174.0 805.0 234.0 805.0 
1 2 0.69 0.69 453.0 160.0 453.0 337.0 115.0 337.0 
1 3 0.84 0.84 453.0 160.0 453.0 337.0 115.0 337.0 237.0 35.0 237.0 
1 2 0.55 0.55 652.0 125.0 652.0 624.0 225.0 624.0 
1 3 0.57 0.57 652.0 125.0 652.0 624.0 225.0 624.0 786.0 15.0 786.0 
1 2 0.84 0.84 117.0 50.0 117.0 562.0 232.0 562.0 
1 2 0.3 0.3 779.0 105.0 779.0 172.0 29.0 172.0 
1 3 0.41 0.41 779.0 105.0 779.0 172.0 29.0 172.0 139.0 16.0 139.0 
1 2 0.68 0.68 219.0 81.0 219.0 117.0 37.0 117.0 
1 2 0.46 0.46 181.0 48.0 181.0 801.0 159.0 801.0 
1 2 0.61 0.61 874.0 163.0 874.0 584.0 252.0 584.0 
1 3 0.66 0.66 874.0 163.0 874.0 584.0 252.0 584.0 151.0 7.0 151.0 
1 4 0.87 0.87 874.0 163.0 874.0 584.0 252.0 584.0 151.0 7.0 151.0 350.0 75.0 350.0 
1 2 0.52 0.52 866.0 329.0 866.0 67.0 10.0 67.0 
1 3 0.61 0.61 866.0 329.0 866.0 67.0 10.0 67.0 497.0 43.0 497.0 
1 4 0.71 0.71 866.0 329.0 866.0 67.0 10.0 67.0 497.0 43.0 497.0 164.0 17.0 164.0 
1 2 0.52 0.52 547.0 49.0 547.0 478.0 208.0 478.0 
1 3 0.8 0.8 547.0 49.0 547.0 478.0 208.0 478.0 849.0 236.0 849.0 
1 2 0.68 0.68 763.0 340.0 763.0 595.0 144.0 595.0 
1 3 0.96 0.96 763.0 340.0 763.0 595.0 144.0 595.0 487.0 135.0 487.0 
1 2 0.55 0.55 461.0 218.0 461.0 49.0 4.0 49.0 
1 3 0.83 0.83 461.0 218.0 461.0 49.0 4.0 49.0 106.0 30.0 106.0 
1 4 0.99 0.99 461.0 218.0 461.0 49.0 4.0 49.0 106.0 30.0 106.0 154.0 25.0 154.0 
1 2 0.63 0.63 953.0 435.0 953.0 133.0 24.0 133.0 
1 2 0.21 0.21 231.0 28.0 231.0 562.0 50.0 562.0 
1 3 0.55 0.55 231.0 28.0 231.0 562.0 50.0 562.0 430.0 150.0 430.0 
1 4 0.59 0.59 231.0 28.0 231.0 562.0 50.0 562.0 430.0 150.0 430.0 351.0 11.0 351.0 
1 5 0.71 0.71 231.0 28.0 231.0 562.0 50.0 562.0 430.0 150.0 430.0 351.0 11.0 351.0 459.0 58.0 459.0 
1 2 0.32 0.32 134.0 31.0 134.0 805.0 75.0 805.0 
1 3 0.42 0.42 134.0 31.0 134.0 805.0 75.0 805.0 841.0 88.0 841.0 
1 4 0.83 0.83 134.0 31.0 134.0 805.0 75.0 805.0 841.0 88.0 841.0 742.0 304.0 742.0 
1 5 0.92 0.92 134.0 31.0 134.0 805.0 75.0 805.0 841.0 88.0 841.0 742.0 304.0 742.0 754.0 66.0 754.0 
1 2 0.68 0.68 653.0 222.0 653.0 564.0 193.0 564.0 
1 2 0.51 0.51 74.0 35.0 74.0 304.0 13.0 304.0 
1 3 0.98 0.98 74.0 35.0 74.0 304.0 13.0 304.0 917.0 428.0 917.0 
1 2 0.65 0.65 107.0 28.0 107.0 631.0 248.0 631.0 
1 3 0.95 0.95 107.0 28.0 107.0 631.0 248.0 631.0 88.0 26.0 88.0 
1 2 0.31 0.31 562.0 125.0 562.0 459.0 44.0 459.0 
1 3 0.77 0.77 562.0 125.0 562.0 459.0 44.0 459.0 212.0 96.0 212.0 
1 2 0.68 0.68 717.0 349.0 717.0 895.0 174.0 895.0 
1 2 0.56 0.56 789.0 363.0 789.0 364.0 38.0 364.0 
1 3 0.82 0.82 789.0 363.0 789.0 364.0 38.0 364.0 803.0 211.0 803.0 
1 2 0.39 0.39 540.0 91.0 540.0 271.0 61.0 271.0 
1 3 0.6 0.6 540.0 91.0 540.0 271.0 61.0 271.0 38.0 8.0 38.0 
1 4 0.61 0.61 540.0 91.0 540.0 271.0 61.0 271.0 38.0 8.0 38.0 523.0 7.0 523.0 
1 5 0.9 0.9 540.0 91.0 540.0 271.0 61.0 271.0 38.0 8.0 38.0 523.0 7.0 523.0 731.0 207.0 731.0 
1 2 0.6 0.6 328.0 77.0 328.0 976.0 363.0 976.0 
1 2 0.56 0.56 885.0 125.0 885.0 658.0 282.0 658.0 
1 3 0.86 0.86 885.0 125.0 885.0 658.0 282.0 658.0 34.0 10.0 34.0 
1 4 0.89 0.89 885.0 125.0 885.0 658.0 282.0 658.0 34.0 10.0 34.0 553.0 17.0 553.0 
1 2 0.49 0.49 712.0 312.0 712.0 360.0 21.0 360.0 
1 3 0.63 0.63 712.0 312.0 712.0 360.0 21.0 360.0 595.0 84.0 595.0 
1 2 0.43 0.43 594.0 121.0 594.0 984.0 231.0 984.0 
1 3 0.51 0.51 594.0 121.0 594.0 984.0 231.0 984.0 852.0 68.0 852.0 
1 4 0.7 0.7 594.0 121.0 594.0 984.0 231.0 984.0 852.0 68.0 852.0 326.0 60.0 326.0 
1 5 0.72 0.72 594.0 121.0 594.0 984.0 231.0 984.0 852.0 68.0 852.0 326.0 60.0 326.0 223.0 4.0 223.0 
1 2 0.61 0.61 467.0 108.0 467.0 192.0 74.0 192.0 
1 2 0.36 0.36 878.0 299.0 878.0 250.0 7.0 250.0 
1 3 0.5 0.5 878.0 299.0 878.0 250.0 7.0 250.0 885.0 117.0 885.0 
1 4 0.5 0.5 878.0 299.0 878.0 250.0 7.0 250.0 885.0 117.0 885.0 611.0 1.0 611.0 
1 5 0.79 0.79 878.0 299.0 878.0 250.0 7.0 250.0 885.0 117.0 885.0 611.0 1.0 611.0 723.0 212.0 723.0 
1 2 0.52 0.52 234.0 12.0 234.0 343.0 164.0 343.0 
1 2 0.35 0.35 467.0 99.0 467.0 61.0 9.0 61.0 
1 2 0.69 0.69 982.0 388.0 982.0 501.0 152.0 501.0 
1 3 0.74 0.74 982.0 388.0 982.0 501.0 152.0 501.0 722.0 31.0 722.0 
1 2 0.48 0.48 617.0 227.0 617.0 895.0 108.0 895.0 
1 3 0.95 0.95 617.0 227.0 617.0 895.0 108.0 895.0 134.0 63.0 134.0 
1 2 0.86 0.86 190.0 110.0 190.0 674.0 190.0 674.0 
1 2 0.62 0.62 363.0 144.0 363.0 170.0 38.0 170.0 
1 3 0.89 0.89 363.0 144.0 363.0 170.0 38.0 170.0 258.0 72.0 258.0 
1 2 0.44 0.44 637.0 125.0 637.0 389.0 96.0 389.0 
1 3 0.54 0.54 637.0 125.0 637.0 389.0 96.0 389.0 202.0 21.0 202.0 
1 4 0.87 0.87 637.0 125.0 637.0 389.0 96.0 389.0 202.0 21.0 202.0 503.0 165.0 503.0 
1 2 0.44 0.44 962.0 423.0 962.0 389.0 1.0 389.0 
1 3 0.57 0.57 962.0 423.0 962.0 389.0 1.0 389.0 908.0 120.0 908.0 
1 4 0.59 0.59 962.0 423.0 962.0 389.0 1.0 389.0 908.0 120.0 908.0 874.0 17.0 874.0 
1 5 0.78 0.78 962.0 423.0 962.0 389.0 1.0 389.0 908.0 120.0 908.0 874.0 17.0 874.0 581.0 110.0 581.0 
1 2 0.63 0.63 227.0 44.0 227.0 788.0 345.0 788.0 
1 2 0.24 0.24 745.0 48.0 745.0 369.0 66.0 369.0 
1 3 0.59 0.59 745.0 48.0 745.0 369.0 66.0 369.0 340.0 118.0 340.0 
1 2 0.11 0.11 645.0 73.0 645.0 429.0 1.0 429.0 
1 3 0.26 0.26 645.0 73.0 645.0 429.0 1.0 429.0 422.0 64.0 422.0 
1 4 0.47 0.47 645.0 73.0 645.0 429.0 1.0 429.0 422.0 64.0 422.0 761.0 155.0 761.0 
1 5 0.58 0.58 645.0 73.0 645.0 429.0 1.0 429.0 422.0 64.0 422.0 761.0 155.0 761.0 395.0 44.0 395.0 
1 2 0.49 0.49 406.0 175.0 406.0 701.0 43.0 701.0 
1 3 0.65 0.65 406.0 175.0 406.0 701.0 43.0 701.0 368.0 60.0 368.0 
1 4 0.67 0.67 406.0 175.0 406.0 701.0 43.0 701.0 368.0 60.0 368.0 308.0 6.0 308.0 
1 5 0.78 0.78 406.0 175.0 406.0 701.0 43.0 701.0 368.0 60.0 368.0 308.0 6.0 308.0 542.0 61.0 542.0 
1 2 0.73 0.73 229.0 67.0 229.0 524.0 233.0 524.0 
1 3 0.91 0.91 229.0 67.0 229.0 524.0 233.0 524.0 972.0 177.0 972.0 
1 2 0.64 0.64 616.0 278.0 616.0 867.0 170.0 867.0 
1 3 0.74 0.74 616.0 278.0 616.0 867.0 170.0 867.0 480.0 45.0 480.0 
1 4 0.81 0.81 616.0 278.0 616.0 867.0 170.0 867.0 480.0 45.0 480.0 327.0 24.0 327.0 
1 2 0.51 0.51 830.0 77.0 830.0 482.0 202.0 482.0 
1 3 0.91 0.91 830.0 77.0 830.0 482.0 202.0 482.0 548.0 221.0 548.0 
1 4 0.95 0.95 830.0 77.0 830.0 482.0 202.0 482.0 548.0 221.0 548.0 231.0 9.0 231.0 
1 2 0.43 0.43 609.0 72.0 609.0 217.0 69.0 217.0 
1 3 0.79 0.79 609.0 72.0 609.0 217.0 69.0 217.0 886.0 314.0 886.0 
1 2 0.7 0.7 343.0 81.0 343.0 639.0 297.0 639.0 
1 3 0.86 0.86 343.0 81.0 343.0 639.0 297.0 639.0 409.0 68.0 409.0 
1 2 0.8 0.8 885.0 426.0 885.0 141.0 45.0 141.0 
1 3 0.94 0.94 885.0 426.0 885.0 141.0 45.0 141.0 390.0 56.0 390.0 
1 4 0.98 0.98 885.0 426.0 885.0 141.0 45.0 141.0 390.0 56.0 390.0 365.0 16.0 365.0 
1 2 0.54 0.54 117.0 50.0 117.0 397.0 45.0 397.0 
1 2 0.63 0.63 842.0 220.0 842.0 836.0 309.0 836.0 
1 3 0.78 0.78 842.0 220.0 842.0 836.0 309.0 836.0 428.0 65.0 428.0 
1 4 0.81 0.81 842.0 220.0 842.0 836.0 309.0 836.0 428.0 65.0 428.0 482.0 17.0 482.0 
1 2 0.43 0.43 215.0 84.0 215.0 41.0 2.0 41.0 
1 3 0.78 0.78 215.0 84.0 215.0 41.0 2.0 41.0 961.0 330.0 961.0 
1 4 0.84 0.84 215.0 84.0 215.0 41.0 2.0 41.0 961.0 330.0 961.0 668.0 39.0 668.0 
1 2 0.73 0.73 856.0 388.0 856.0 654.0 182.0 654.0 
1 2 0.59 0.59 674.0 259.0 674.0 824.0 176.0 824.0 
1 3 0.92 0.92 674.0 259.0 674.0 824.0 176.0 824.0 398.0 132.0 398.0 
1 2 0.66 0.66 446.0 151.0 446.0 907.0 296.0 907.0 
1 3 0.72 0.72 446.0 151.0 446.0 907.0 296.0 907.0 69.0 4.0 69.0 
1 2 0.76 0.76 961.0 349.0 961.0 5.0 2.0 5.0 
1 2 0.71 0.71 820.0 281.0 820.0 40.0 15.0 40.0 
1 3 0.72 0.72 820.0 281.0 820.0 40.0 15.0 40.0 200.0 2.0 200.0 
1 2 0.82 0.82 609.0 302.0 609.0 6.0 2.0 6.0 
1 3 0.94 0.94 609.0 302.0 609.0 6.0 2.0 6.0 646.0 77.0 646.0 
1 2 0.81 0.81 792.0 114.0 792.0 861.0 576.0 861.0 
1 3 0.83 0.83 792.0 114.0 792.0 861.0 576.0 861.0 297.0 6.0 297.0 
1 2 0.04 0.04 592.0 6.0 592.0 164.0 6.0 164.0 
1 3 0.04 0.04 592.0 6.0 592.0 164.0 6.0 164.0 404.0 1.0 404.0 
1 4 0.07 0.07 592.0 6.0 592.0 164.0 6.0 164.0 404.0 1.0 404.0 369.0 9.0 369.0 
1 5 0.33 0.33 592.0 6.0 592.0 164.0 6.0 164.0 404.0 1.0 404.0 369.0 9.0 369.0 622.0 160.0 622.0 
1 6 0.84 0.84 592.0 6.0 592.0 164.0 6.0 164.0 404.0 1.0 404.0 369.0 9.0 369.0 622.0 160.0 622.0 545.0 279.0 545.0 
1 7 0.95 0.95 592.0 6.0 592.0 164.0 6.0 164.0 404.0 1.0 404.0 369.0 9.0 369.0 622.0 160.0 622.0 545.0 279.0 545.0 539.0 58.0 539.0 
1 2 0.55 0.55 619.0 64.0 619.0 607.0 273.0 607.0 
1 3 0.59 0.59 619.0 64.0 619.0 607.0 273.0 607.0 81.0 3.0 81.0 
1 4 0.87 0.87 619.0 64.0 619.0 607.0 273.0 607.0 81.0 3.0 81.0 434.0 123.0 434.0 
1 2 0.21 0.21 467.0 15.0 467.0 655.0 118.0 655.0 
1 3 0.71 0.71 467.0 15.0 467.0 655.0 118.0 655.0 418.0 209.0 418.0 
1 4 0.96 0.96 467.0 15.0 467.0 655.0 118.0 655.0 418.0 209.0 418.0 350.0 90.0 350.0 
1 2 0.81 0.81 985.0 797.0 985.0 410.0 3.0 410.0 
1 3 0.99 0.99 985.0 797.0 985.0 410.0 3.0 410.0 245.0 44.0 245.0 
1 2 0.44 0.44 813.0 154.0 813.0 798.0 202.0 798.0 
1 3 0.68 0.68 813.0 154.0 813.0 798.0 202.0 798.0 814.0 201.0 814.0 
1 4 0.99 0.99 813.0 154.0 813.0 798.0 202.0 798.0 814.0 201.0 814.0 82.0 25.0 82.0 
1 2 0.15 0.15 207.0 15.0 207.0 958.0 77.0 958.0 
1 3 0.66 0.66 207.0 15.0 207.0 958.0 77.0 958.0 837.0 428.0 837.0 
1 2 0.37 0.37 41.0 15.0 41.0 850.0 6.0 850.0 
1 3 0.6 0.6 41.0 15.0 41.0 850.0 6.0 850.0 550.0 128.0 550.0 
1 2 0.75 0.75 271.0 126.0 271.0 422.0 121.0 422.0 
1 2 0.37 0.37 938.0 290.0 938.0 169.0 11.0 169.0 
1 3 0.39 0.39 938.0 290.0 938.0 169.0 11.0 169.0 908.0 23.0 908.0 
1 4 0.53 0.53 938.0 290.0 938.0 169.0 11.0 169.0 908.0 23.0 908.0 537.0 73.0 537.0 
1 5 0.74 0.74 938.0 290.0 938.0 169.0 11.0 169.0 908.0 23.0 908.0 537.0 73.0 537.0 516.0 110.0 516.0 
1 6 0.86 0.86 938.0 290.0 938.0 169.0 11.0 169.0 908.0 23.0 908.0 537.0 73.0 537.0 516.0 110.0 516.0 897.0 103.0 897.0 
1 2 0.58 0.58 712.0 314.0 712.0 599.0 84.0 599.0 
1 3 0.95 0.95 712.0 314.0 712.0 599.0 84.0 599.0 396.0 147.0 396.0 
1 2 0.64 0.64 833.0 250.0 833.0 755.0 259.0 755.0 
1 3 0.76 0.76 833.0 250.0 833.0 755.0 259.0 755.0 515.0 63.0 515.0 
1 4 0.87 0.87 833.0 250.0 833.0 755.0 259.0 755.0 515.0 63.0 515.0 478.0 50.0 478.0 
1 2 0.53 0.53 7.0 3.0 7.0 515.0 56.0 515.0 
1 3 0.94 0.94 7.0 3.0 7.0 515.0 56.0 515.0 506.0 208.0 506.0 
1 4 0.98 0.98 7.0 3.0 7.0 515.0 56.0 515.0 506.0 208.0 506.0 755.0 28.0 755.0 
1 5 0.99 0.99 7.0 3.0 7.0 515.0 56.0 515.0 506.0 208.0 506.0 755.0 28.0 755.0 920.0 7.0 920.0 
1 2 0.51 0.51 777.0 242.0 777.0 870.0 176.0 870.0 
1 3 0.59 0.59 777.0 242.0 777.0 870.0 176.0 870.0 897.0 77.0 897.0 
1 4 0.78 0.78 777.0 242.0 777.0 870.0 176.0 870.0 897.0 77.0 897.0 925.0 173.0 925.0 
1 2 0.81 0.81 961.0 447.0 961.0 51.0 18.0 51.0 
1 2 0.26 0.26 684.0 54.0 684.0 853.0 155.0 853.0 
1 3 0.99 0.99 684.0 54.0 684.0 853.0 155.0 853.0 776.0 571.0 776.0 
1 2 0.7 0.7 990.0 468.0 990.0 625.0 145.0 625.0 
1 3 0.95 0.95 990.0 468.0 990.0 625.0 145.0 625.0 898.0 225.0 898.0 
1 4 0.98 0.98 990.0 468.0 990.0 625.0 145.0 625.0 898.0 225.0 898.0 267.0 9.0 267.0 
1 2 0.68 0.68 985.0 181.0 985.0 457.0 227.0 457.0 
1 2 0.48 0.48 328.0 22.0 328.0 558.0 232.0 558.0 
1 3 0.8 0.8 328.0 22.0 328.0 558.0 232.0 558.0 801.0 262.0 801.0 
1 4 0.81 0.81 328.0 22.0 328.0 558.0 232.0 558.0 801.0 262.0 801.0 110.0 1.0 110.0 
1 2 0.63 0.63 95.0 41.0 95.0 92.0 19.0 92.0 
1 3 0.82 0.82 95.0 41.0 95.0 92.0 19.0 92.0 719.0 137.0 719.0 
1 2 0.53 0.53 807.0 196.0 807.0 68.0 20.0 68.0 
1 3 0.66 0.66 807.0 196.0 807.0 68.0 20.0 68.0 868.0 108.0 868.0 
1 4 0.82 0.82 807.0 196.0 807.0 68.0 20.0 68.0 868.0 108.0 868.0 810.0 133.0 810.0 
1 5 0.93 0.93 807.0 196.0 807.0 68.0 20.0 68.0 868.0 108.0 868.0 810.0 133.0 810.0 161.0 18.0 161.0 
1 6 0.96 0.96 807.0 196.0 807.0 68.0 20.0 68.0 868.0 108.0 868.0 810.0 133.0 810.0 161.0 18.0 161.0 834.0 26.0 834.0 
1 2 0.86 0.86 240.0 105.0 240.0 600.0 259.0 600.0 
1 2 0.75 0.75 887.0 172.0 887.0 471.0 263.0 471.0 
1 3 0.75 0.75 887.0 172.0 887.0 471.0 263.0 471.0 772.0 4.0 772.0 
1 4 0.93 0.93 887.0 172.0 887.0 471.0 263.0 471.0 772.0 4.0 772.0 447.0 79.0 447.0 
1 2 0.67 0.67 326.0 158.0 326.0 847.0 158.0 847.0 
1 3 0.94 0.94 326.0 158.0 326.0 847.0 158.0 847.0 584.0 159.0 584.0 
1 2 0.35 0.35 935.0 152.0 935.0 616.0 119.0 616.0 
1 3 0.63 0.63 935.0 152.0 935.0 616.0 119.0 616.0 746.0 206.0 746.0 
1 2 0.55 0.55 219.0 76.0 219.0 971.0 206.0 971.0 
1 3 0.9 0.9 219.0 76.0 219.0 971.0 206.0 971.0 405.0 139.0 405.0 
1 2 0.35 0.35 617.0 29.0 617.0 412.0 128.0 412.0 
1 3 0.43 0.43 617.0 29.0 617.0 412.0 128.0 412.0 121.0 9.0 121.0 
1 4 0.72 0.72 617.0 29.0 617.0 412.0 128.0 412.0 121.0 9.0 121.0 418.0 121.0 418.0 
1 5 0.84 0.84 617.0 29.0 617.0 412.0 128.0 412.0 121.0 9.0 121.0 418.0 121.0 418.0 351.0 43.0 351.0 
1 2 0.31 0.31 605.0 85.0 605.0 524.0 92.0 524.0 
1 3 0.41 0.41 605.0 85.0 605.0 524.0 92.0 524.0 981.0 94.0 981.0 
1 2 0.36 0.36 513.0 142.0 513.0 710.0 66.0 710.0 
1 3 0.38 0.38 513.0 142.0 513.0 710.0 66.0 710.0 160.0 2.0 160.0 
1 4 0.65 0.65 513.0 142.0 513.0 710.0 66.0 710.0 160.0 2.0 160.0 897.0 246.0 897.0 
1 2 0.1 0.1 683.0 7.0 683.0 375.0 34.0 375.0 
1 3 0.43 0.43 683.0 7.0 683.0 375.0 34.0 375.0 3.0 1.0 3.0 
1 4 0.82 0.82 683.0 7.0 683.0 375.0 34.0 375.0 3.0 1.0 3.0 570.0 220.0 570.0 
1 2 0.15 0.15 70.0 11.0 70.0 554.0 1.0 554.0 
1 3 0.64 0.64 70.0 11.0 70.0 554.0 1.0 554.0 168.0 81.0 168.0 
1 4 0.93 0.93 70.0 11.0 70.0 554.0 1.0 554.0 168.0 81.0 168.0 526.0 153.0 526.0 
1 2 0.84 0.84 712.0 470.0 712.0 890.0 163.0 890.0 
1 2 0.46 0.46 499.0 165.0 499.0 725.0 101.0 725.0 
1 3 0.82 0.82 499.0 165.0 499.0 725.0 101.0 725.0 592.0 208.0 592.0 
1 2 0.46 0.46 351.0 75.0 351.0 76.0 19.0 76.0 
1 3 0.84 0.84 351.0 75.0 351.0 76.0 19.0 76.0 559.0 211.0 559.0 
1 2 0.37 0.37 901.0 109.0 901.0 435.0 110.0 435.0 
1 3 0.4 0.4 901.0 109.0 901.0 435.0 110.0 435.0 682.0 19.0 682.0 
1 4 0.76 0.76 901.0 109.0 901.0 435.0 110.0 435.0 682.0 19.0 682.0 843.0 310.0 843.0 
1 2 0.5 0.5 976.0 95.0 976.0 384.0 155.0 384.0 
1 3 0.93 0.93 976.0 95.0 976.0 384.0 155.0 384.0 426.0 187.0 426.0 
1 2 0.57 0.57 223.0 90.0 223.0 296.0 52.0 296.0 
1 3 0.85 0.85 223.0 90.0 223.0 296.0 52.0 296.0 88.0 24.0 88.0 
1 2 0.36 0.36 177.0 48.0 177.0 540.0 50.0 540.0 
1 3 0.53 0.53 177.0 48.0 177.0 540.0 50.0 540.0 721.0 125.0 721.0 
1 2 0.71 0.71 75.0 20.0 75.0 529.0 237.0 529.0 
1 3 0.87 0.87 75.0 20.0 75.0 529.0 237.0 529.0 636.0 104.0 636.0 
1 2 0.91 0.91 595.0 274.0 595.0 547.0 246.0 547.0 
1 2 0.55 0.55 292.0 40.0 292.0 890.0 371.0 890.0 
1 3 0.72 0.72 292.0 40.0 292.0 890.0 371.0 890.0 845.0 146.0 845.0 
1 4 0.91 0.91 292.0 40.0 292.0 890.0 371.0 890.0 845.0 146.0 845.0 654.0 120.0 654.0 
1 2 0.07 0.07 236.0 16.0 236.0 755.0 6.0 755.0 
1 3 0.19 0.19 236.0 16.0 236.0 755.0 6.0 755.0 356.0 42.0 356.0 
1 4 0.23 0.23 236.0 16.0 236.0 755.0 6.0 755.0 356.0 42.0 356.0 723.0 27.0 723.0 
1 5 0.7 0.7 236.0 16.0 236.0 755.0 6.0 755.0 356.0 42.0 356.0 723.0 27.0 723.0 547.0 257.0 547.0 
1 6 0.82 0.82 236.0 16.0 236.0 755.0 6.0 755.0 356.0 42.0 356.0 723.0 27.0 723.0 547.0 257.0 547.0 282.0 36.0 282.0 
1 2 0.68 0.68 441.0 37.0 441.0 437.0 263.0 437.0 
1 3 0.96 0.96 441.0 37.0 441.0 437.0 263.0 437.0 784.0 222.0 784.0 
1 2 0.67 0.67 519.0 179.0 519.0 800.0 267.0 800.0 
1 2 0.53 0.53 551.0 39.0 551.0 30.0 14.0 30.0 
1 3 0.55 0.55 551.0 39.0 551.0 30.0 14.0 30.0 326.0 5.0 326.0 
1 4 0.55 0.55 551.0 39.0 551.0 30.0 14.0 30.0 326.0 5.0 326.0 594.0 1.0 594.0 
1 5 0.61 0.61 551.0 39.0 551.0 30.0 14.0 30.0 326.0 5.0 326.0 594.0 1.0 594.0 331.0 20.0 331.0 
1 2 0.38 0.38 582.0 63.0 582.0 36.0 10.0 36.0 
1 3 0.75 0.75 582.0 63.0 582.0 36.0 10.0 36.0 520.0 190.0 520.0 
1 2 0.69 0.69 642.0 191.0 642.0 122.0 48.0 122.0 
1 3 0.92 0.92 642.0 191.0 642.0 122.0 48.0 122.0 468.0 108.0 468.0 
1 2 0.7 0.7 593.0 243.0 593.0 500.0 147.0 500.0 
1 3 0.86 0.86 593.0 243.0 593.0 500.0 147.0 500.0 328.0 54.0 328.0 
1 2 0.09 0.09 466.0 35.0 466.0 49.0 1.0 49.0 
1 3 0.38 0.38 466.0 35.0 466.0 49.0 1.0 49.0 235.0 69.0 235.0 
1 4 0.43 0.43 466.0 35.0 466.0 49.0 1.0 49.0 235.0 69.0 235.0 348.0 16.0 348.0 
1 5 0.82 0.82 466.0 35.0 466.0 49.0 1.0 49.0 235.0 69.0 235.0 348.0 16.0 348.0 494.0 194.0 494.0 
1 2 0.78 0.78 536.0 249.0 536.0 481.0 154.0 481.0 
1 3 0.85 0.85 536.0 249.0 536.0 481.0 154.0 481.0 469.0 34.0 469.0 
1 2 0.51 0.51 139.0 59.0 139.0 413.0 36.0 413.0 
1 3 0.84 0.84 139.0 59.0 139.0 413.0 36.0 413.0 196.0 65.0 196.0 
1 2 0.54 0.54 972.0 329.0 972.0 161.0 33.0 161.0 
1 3 0.69 0.69 972.0 329.0 972.0 161.0 33.0 161.0 912.0 137.0 912.0 
1 2 0.45 0.45 840.0 359.0 840.0 302.0 7.0 302.0 
1 3 0.53 0.53 840.0 359.0 840.0 302.0 7.0 302.0 84.0 7.0 84.0 
1 2 0.53 0.53 692.0 42.0 692.0 933.0 439.0 933.0 
1 3 0.97 0.97 692.0 42.0 692.0 933.0 439.0 933.0 581.0 260.0 581.0 
1 2 0.41 0.41 361.0 23.0 361.0 545.0 192.0 545.0 
1 3 0.5 0.5 361.0 23.0 361.0 545.0 192.0 545.0 87.0 8.0 87.0 
1 4 0.72 0.72 361.0 23.0 361.0 545.0 192.0 545.0 87.0 8.0 87.0 487.0 108.0 487.0 
1 2 0.25 0.25 854.0 44.0 854.0 902.0 188.0 902.0 
1 3 0.29 0.29 854.0 44.0 854.0 902.0 188.0 902.0 897.0 27.0 897.0 
1 4 0.36 0.36 854.0 44.0 854.0 902.0 188.0 902.0 897.0 27.0 897.0 727.0 56.0 727.0 
1 5 0.49 0.49 854.0 44.0 854.0 902.0 188.0 902.0 897.0 27.0 897.0 727.0 56.0 727.0 168.0 22.0 168.0 
1 6 0.86 0.86 854.0 44.0 854.0 902.0 188.0 902.0 897.0 27.0 897.0 727.0 56.0 727.0 168.0 22.0 168.0 127.0 47.0 127.0 
1 2 0.76 0.76 635.0 270.0 635.0 450.0 153.0 450.0 
1 3 0.78 0.78 635.0 270.0 635.0 450.0 153.0 450.0 442.0 7.0 442.0 
1 4 0.9 0.9 635.0 270.0 635.0 450.0 153.0 450.0 442.0 7.0 442.0 561.0 67.0 561.0 
1 2 0.55 0.55 217.0 101.0 217.0 462.0 40.0 462.0 
1 2 0.34 0.34 472.0 59.0 472.0 464.0 100.0 464.0 
1 3 0.98 0.98 472.0 59.0 472.0 464.0 100.0 464.0 814.0 524.0 814.0 
1 2 0.49 0.49 204.0 16.0 204.0 196.0 82.0 196.0 
1 3 0.89 0.89 204.0 16.0 204.0 196.0 82.0 196.0 780.0 308.0 780.0 
1 2 0.29 0.29 696.0 200.0 696.0 630.0 5.0 630.0 
1 3 0.78 0.78 696.0 200.0 696.0 630.0 5.0 630.0 471.0 230.0 471.0 
1 4 0.98 0.98 696.0 200.0 696.0 630.0 5.0 630.0 471.0 230.0 471.0 10.0 2.0 10.0 
1 2 0.58 0.58 980.0 236.0 980.0 112.0 39.0 112.0 
1 3 0.94 0.94 980.0 236.0 980.0 112.0 39.0 112.0 419.0 148.0 419.0 
1 2 0.43 0.43 665.0 197.0 665.0 86.0 12.0 86.0 
1 3 0.65 0.65 665.0 197.0 665.0 86.0 12.0 86.0 128.0 28.0 128.0 
1 4 0.81 0.81 665.0 197.0 665.0 86.0 12.0 86.0 128.0 28.0 128.0 315.0 52.0 315.0 
1 2 0.34 0.34 929.0 137.0 929.0 117.0 23.0 117.0 
1 3 0.56 0.56 929.0 137.0 929.0 117.0 23.0 117.0 505.0 111.0 505.0 
1 4 0.66 0.66 929.0 137.0 929.0 117.0 23.0 117.0 505.0 111.0 505.0 923.0 95.0 923.0 
1 2 0.04 0.04 445.0 10.0 445.0 933.0 21.0 933.0 
1 3 0.93 0.93 445.0 10.0 445.0 933.0 21.0 933.0 785.0 701.0 785.0 
1 2 0.33 0.33 953.0 69.0 953.0 607.0 160.0 607.0 
1 3 0.98 0.98 953.0 69.0 953.0 607.0 160.0 607.0 372.0 243.0 372.0 
1 2 0.61 0.61 994.0 305.0 994.0 864.0 264.0 864.0 
1 3 0.63 0.63 994.0 305.0 994.0 864.0 264.0 864.0 98.0 2.0 98.0 
1 4 0.81 0.81 994.0 305.0 994.0 864.0 264.0 864.0 98.0 2.0 98.0 807.0 148.0 807.0 
1 2 0.74 0.74 628.0 165.0 628.0 846.0 411.0 846.0 
1 2 0.18 0.18 243.0 13.0 243.0 44.0 6.0 44.0 
1 3 0.36 0.36 243.0 13.0 243.0 44.0 6.0 44.0 350.0 61.0 350.0 
1 4 0.51 0.51 243.0 13.0 243.0 44.0 6.0 44.0 350.0 61.0 350.0 764.0 115.0 764.0 
1 5 0.54 0.54 243.0 13.0 243.0 44.0 6.0 44.0 350.0 61.0 350.0 764.0 115.0 764.0 484.0 17.0 484.0 
1 6 0.65 0.65 243.0 13.0 243.0 44.0 6.0 44.0 350.0 61.0 350.0 764.0 115.0 764.0 484.0 17.0 484.0 719.0 73.0 719.0 
1 2 0.3 0.3 989.0 234.0 989.0 745.0 48.0 745.0 
1 3 0.38 0.38 989.0 234.0 989.0 745.0 48.0 745.0 217.0 18.0 217.0 
1 2 0.9 0.9 318.0 5.0 318.0 492.0 437.0 492.0 
1 2 0.38 0.38 494.0 13.0 494.0 267.0 95.0 267.0 
1 3 0.82 0.82 494.0 13.0 494.0 267.0 95.0 267.0 911.0 399.0 911.0 
1 2 0.33 0.33 496.0 2.0 496.0 573.0 188.0 573.0 
1 3 0.56 0.56 496.0 2.0 496.0 573.0 188.0 573.0 454.0 105.0 454.0 
1 4 0.81 0.81 496.0 2.0 496.0 573.0 188.0 573.0 454.0 105.0 454.0 353.0 90.0 353.0 
1 5 0.91 0.91 496.0 2.0 496.0 573.0 188.0 573.0 454.0 105.0 454.0 353.0 90.0 353.0 402.0 39.0 402.0 
1 2 0.74 0.74 305.0 1.0 305.0 636.0 474.0 636.0 
1 2 0.03 0.03 769.0 2.0 769.0 28.0 1.0 28.0 
1 3 0.13 0.13 769.0 2.0 769.0 28.0 1.0 28.0 649.0 63.0 649.0 
1 4 0.5 0.5 769.0 2.0 769.0 28.0 1.0 28.0 649.0 63.0 649.0 825.0 309.0 825.0 
1 5 0.67 0.67 769.0 2.0 769.0 28.0 1.0 28.0 649.0 63.0 649.0 825.0 309.0 825.0 24.0 4.0 24.0 
1 2 0.62 0.62 55.0 26.0 55.0 784.0 116.0 784.0 
1 2 0.82 0.82 452.0 203.0 452.0 711.0 270.0 711.0 
1 3 0.94 0.94 452.0 203.0 452.0 711.0 270.0 711.0 204.0 24.0 204.0 
1 2 0.52 0.52 363.0 75.0 363.0 130.0 42.0 130.0 
1 3 0.98 0.98 363.0 75.0 363.0 130.0 42.0 130.0 541.0 245.0 541.0 
1 2 0.8 0.8 366.0 169.0 366.0 741.0 254.0 741.0 
1 3 0.94 0.94 366.0 169.0 366.0 741.0 254.0 741.0 541.0 78.0 541.0 
1 2 0.29 0.29 689.0 38.0 689.0 363.0 86.0 363.0 
1 3 0.34 0.34 689.0 38.0 689.0 363.0 86.0 363.0 545.0 29.0 545.0 
1 4 0.5 0.5 689.0 38.0 689.0 363.0 86.0 363.0 545.0 29.0 545.0 864.0 142.0 864.0 
1 5 0.78 0.78 689.0 38.0 689.0 363.0 86.0 363.0 545.0 29.0 545.0 864.0 142.0 864.0 54.0 15.0 54.0 
1 6 0.9 0.9 689.0 38.0 689.0 363.0 86.0 363.0 545.0 29.0 545.0 864.0 142.0 864.0 54.0 15.0 54.0 287.0 34.0 287.0 
1 2 0.84 0.84 357.0 178.0 357.0 518.0 179.0 518.0 
1 2 0.82 0.82 98.0 49.0 98.0 146.0 48.0 146.0 
1 2 0.43 0.43 764.0 39.0 764.0 50.0 19.0 50.0 
1 3 0.51 0.51 764.0 39.0 764.0 50.0 19.0 50.0 710.0 58.0 710.0 
1 2 0.49 0.49 380.0 117.0 380.0 454.0 83.0 454.0 
1 3 0.57 0.57 380.0 117.0 380.0 454.0 83.0 454.0 506.0 43.0 506.0 
1 4 0.6 0.6 380.0 117.0 380.0 454.0 83.0 454.0 506.0 43.0 506.0 157.0 4.0 157.0 
1 5 0.61 0.61 380.0 117.0 380.0 454.0 83.0 454.0 506.0 43.0 506.0 157.0 4.0 157.0 809.0 10.0 809.0 
1 2 0.41 0.41 508.0 204.0 508.0 249.0 4.0 249.0 
1 3 0.54 0.54 508.0 204.0 508.0 249.0 4.0 249.0 350.0 44.0 350.0 
1 4 0.74 0.74 508.0 204.0 508.0 249.0 4.0 249.0 350.0 44.0 350.0 180.0 37.0 180.0 
1 2 0.54 0.54 81.0 14.0 81.0 519.0 195.0 519.0 
1 3 0.96 0.96 81.0 14.0 81.0 519.0 195.0 519.0 922.0 386.0 922.0 
1 2 0.49 0.49 316.0 30.0 316.0 369.0 149.0 369.0 
1 3 0.59 0.59 316.0 30.0 316.0 369.0 149.0 369.0 681.0 65.0 681.0 
1 2 0.58 0.58 279.0 64.0 279.0 34.0 12.0 34.0 
1 2 0.43 0.43 643.0 205.0 643.0 671.0 76.0 671.0 
1 3 0.57 0.57 643.0 205.0 643.0 671.0 76.0 671.0 29.0 4.0 29.0 
1 4 0.95 0.95 643.0 205.0 643.0 671.0 76.0 671.0 29.0 4.0 29.0 836.0 322.0 836.0 
1 2 0.02 0.02 151.0 1.0 151.0 677.0 14.0 677.0 
1 3 0.43 0.43 151.0 1.0 151.0 677.0 14.0 677.0 494.0 199.0 494.0 
1 4 0.63 0.63 151.0 1.0 151.0 677.0 14.0 677.0 494.0 199.0 494.0 110.0 22.0 110.0 
1 5 0.84 0.84 151.0 1.0 151.0 677.0 14.0 677.0 494.0 199.0 494.0 110.0 22.0 110.0 512.0 112.0 512.0 
1 2 0.49 0.49 325.0 53.0 325.0 272.0 89.0 272.0 
1 3 0.95 0.95 325.0 53.0 325.0 272.0 89.0 272.0 895.0 417.0 895.0 
1 2 0.64 0.64 413.0 69.0 413.0 709.0 339.0 709.0 
1 3 0.7 0.7 413.0 69.0 413.0 709.0 339.0 709.0 381.0 24.0 381.0 
1 4 0.94 0.94 413.0 69.0 413.0 709.0 339.0 709.0 381.0 24.0 381.0 220.0 52.0 220.0 
1 2 0.96 0.96 635.0 297.0 635.0 6.0 3.0 6.0 
1 2 0.59 0.59 579.0 123.0 579.0 142.0 55.0 142.0 
1 2 0.58 0.58 638.0 204.0 638.0 596.0 156.0 596.0 
1 3 0.84 0.84 638.0 204.0 638.0 596.0 156.0 596.0 707.0 183.0 707.0 
1 2 0.27 0.27 497.0 27.0 497.0 412.0 90.0 412.0 
1 3 0.6 0.6 497.0 27.0 497.0 412.0 90.0 412.0 192.0 63.0 192.0 
1 4 0.94 0.94 497.0 27.0 497.0 412.0 90.0 412.0 192.0 63.0 192.0 950.0 325.0 950.0 
1 2 0.9 0.9 129.0 73.0 129.0 513.0 174.0 513.0 
1 2 0.95 0.95 969.0 791.0 969.0 77.0 11.0 77.0 
1 2 0.46 0.46 587.0 41.0 587.0 30.0 12.0 30.0 
1 3 0.76 0.76 587.0 41.0 587.0 30.0 12.0 30.0 844.0 247.0 844.0 
1 4 0.87 0.87 587.0 41.0 587.0 30.0 12.0 30.0 844.0 247.0 844.0 499.0 54.0 499.0 
1 2 0.77 0.77 355.0 168.0 355.0 75.0 23.0 75.0 
1 3 0.83 0.83 355.0 168.0 355.0 75.0 23.0 75.0 94.0 5.0 94.0 
1 4 0.98 0.98 355.0 168.0 355.0 75.0 23.0 75.0 94.0 5.0 94.0 894.0 136.0 894.0 
1 2 0.39 0.39 113.0 38.0 113.0 386.0 24.0 386.0 
1 3 0.88 0.88 113.0 38.0 113.0 386.0 24.0 386.0 858.0 415.0 858.0 
1 2 0.97 0.97 558.0 19.0 558.0 199.0 188.0 199.0 
1 2 0.47 0.47 244.0 85.0 244.0 330.0 43.0 330.0 
1 3 0.81 0.81 244.0 85.0 244.0 330.0 43.0 330.0 847.0 285.0 847.0 
1 2 0.37 0.37 714.0 4.0 714.0 814.0 299.0 814.0 
1 3 0.41 0.41 714.0 4.0 714.0 814.0 299.0 814.0 417.0 17.0 417.0 
1 4 0.72 0.72 714.0 4.0 714.0 814.0 299.0 814.0 417.0 17.0 417.0 32.0 10.0 32.0 
1 5 0.92 0.92 714.0 4.0 714.0 814.0 299.0 814.0 417.0 17.0 417.0 32.0 10.0 32.0 802.0 163.0 802.0 
1 2 0.73 0.73 5.0 2.0 5.0 692.0 235.0 692.0 
1 3 0.87 0.87 5.0 2.0 5.0 692.0 235.0 692.0 72.0 10.0 72.0 
1 2 0.94 0.94 488.0 433.0 488.0 500.0 27.0 500.0 
1 2 0.6 0.6 86.0 33.0 86.0 876.0 195.0 876.0 
1 2 0.65 0.65 514.0 194.0 514.0 340.0 95.0 340.0 
1 2 0.2 0.2 883.0 114.0 883.0 327.0 24.0 327.0 
1 3 0.57 0.57 883.0 114.0 883.0 327.0 24.0 327.0 119.0 44.0 119.0 
1 4 0.97 0.97 883.0 114.0 883.0 327.0 24.0 327.0 119.0 44.0 119.0 152.0 61.0 152.0 
1 5 0.99 0.99 883.0 114.0 883.0 327.0 24.0 327.0 119.0 44.0 119.0 152.0 61.0 152.0 158.0 3.0 158.0 
1 2 0.99 0.99 400.0 282.0 400.0 737.0 217.0 737.0 
1 2 0.36 0.36 379.0 12.0 379.0 3.0 1.0 3.0 
1 3 0.84 0.84 379.0 12.0 379.0 3.0 1.0 3.0 349.0 168.0 349.0 
1 2 0.37 0.37 967.0 20.0 967.0 953.0 339.0 953.0 
1 3 0.85 0.85 967.0 20.0 967.0 953.0 339.0 953.0 317.0 153.0 317.0 
1 2 0.4 0.4 87.0 24.0 87.0 98.0 13.0 98.0 
1 3 0.65 0.65 87.0 24.0 87.0 98.0 13.0 98.0 835.0 204.0 835.0 
1 4 0.83 0.83 87.0 24.0 87.0 98.0 13.0 98.0 835.0 204.0 835.0 277.0 51.0 277.0 
1 2 0.63 0.63 968.0 223.0 968.0 871.0 349.0 871.0 
1 2 0.39 0.39 436.0 127.0 436.0 858.0 89.0 858.0 
1 2 0.39 0.39 720.0 160.0 720.0 251.0 43.0 251.0 
1 3 0.83 0.83 720.0 160.0 720.0 251.0 43.0 251.0 342.0 151.0 342.0 
1 2 0.59 0.59 792.0 116.0 792.0 555.0 247.0 555.0 
1 2 0.53 0.53 208.0 88.0 208.0 266.0 31.0 266.0 
1 2 0.37 0.37 257.0 4.0 257.0 367.0 131.0 367.0 
1 3 0.47 0.47 257.0 4.0 257.0 367.0 131.0 367.0 562.0 55.0 562.0 
1 4 0.65 0.65 257.0 4.0 257.0 367.0 131.0 367.0 562.0 55.0 562.0 83.0 15.0 83.0 
1 2 0.18 0.18 883.0 144.0 883.0 430.0 10.0 430.0 
1 3 0.2 0.2 883.0 144.0 883.0 430.0 10.0 430.0 559.0 9.0 559.0 
1 4 0.64 0.64 883.0 144.0 883.0 430.0 10.0 430.0 559.0 9.0 559.0 260.0 115.0 260.0 
1 2 0.67 0.67 972.0 269.0 972.0 5.0 2.0 5.0 
1 2 0.38 0.38 480.0 130.0 480.0 326.0 38.0 326.0 
1 3 0.57 0.57 480.0 130.0 480.0 326.0 38.0 326.0 43.0 8.0 43.0 
1 2 0.81 0.81 949.0 474.0 949.0 921.0 292.0 921.0 
1 2 0.27 0.27 926.0 50.0 926.0 246.0 54.0 246.0 
1 3 0.29 0.29 926.0 50.0 926.0 246.0 54.0 246.0 642.0 17.0 642.0 
1 4 0.4 0.4 926.0 50.0 926.0 246.0 54.0 246.0 642.0 17.0 642.0 969.0 97.0 969.0 
1 5 0.8 0.8 926.0 50.0 926.0 246.0 54.0 246.0 642.0 17.0 642.0 969.0 97.0 969.0 776.0 316.0 776.0 
1 2 0.55 0.55 998.0 33.0 998.0 27.0 14.0 27.0 
1 3 0.95 0.95 998.0 33.0 998.0 27.0 14.0 27.0 863.0 347.0 863.0 
1 2 0.53 0.53 52.0 23.0 52.0 934.0 91.0 934.0 
1 3 0.63 0.63 52.0 23.0 52.0 934.0 91.0 934.0 433.0 42.0 433.0 
1 2 0.52 0.52 868.0 255.0 868.0 537.0 124.0 537.0 
1 3 0.6 0.6 868.0 255.0 868.0 537.0 124.0 537.0 297.0 23.0 297.0 
1 2 0.17 0.17 836.0 144.0 836.0 549.0 1.0 549.0 
1 3 0.4 0.4 836.0 144.0 836.0 549.0 1.0 549.0 205.0 47.0 205.0 
1 2 0.47 0.47 455.0 133.0 455.0 150.0 28.0 150.0 
1 3 0.58 0.58 455.0 133.0 455.0 150.0 28.0 150.0 671.0 73.0 671.0 
1 2 0.44 0.44 153.0 31.0 153.0 458.0 109.0 458.0 
1 3 0.62 0.62 153.0 31.0 153.0 458.0 109.0 458.0 345.0 64.0 345.0 
1 4 0.94 0.94 153.0 31.0 153.0 458.0 109.0 458.0 345.0 64.0 345.0 344.0 110.0 344.0 
1 2 0.43 0.43 133.0 55.0 133.0 431.0 10.0 431.0 
1 3 0.45 0.45 133.0 55.0 133.0 431.0 10.0 431.0 61.0 1.0 61.0 
1 4 0.46 0.46 133.0 55.0 133.0 431.0 10.0 431.0 61.0 1.0 61.0 183.0 3.0 183.0 
1 5 0.53 0.53 133.0 55.0 133.0 431.0 10.0 431.0 61.0 1.0 61.0 183.0 3.0 183.0 698.0 48.0 698.0 
1 2 0.75 0.75 170.0 53.0 170.0 120.0 53.0 120.0 
1 2 0.39 0.39 973.0 345.0 973.0 831.0 33.0 831.0 
1 3 0.43 0.43 973.0 345.0 973.0 831.0 33.0 831.0 50.0 2.0 50.0 
1 4 0.71 0.71 973.0 345.0 973.0 831.0 33.0 831.0 50.0 2.0 50.0 225.0 64.0 225.0 
1 5 0.77 0.77 973.0 345.0 973.0 831.0 33.0 831.0 50.0 2.0 50.0 225.0 64.0 225.0 249.0 14.0 249.0 
1 6 0.8 0.8 973.0 345.0 973.0 831.0 33.0 831.0 50.0 2.0 50.0 225.0 64.0 225.0 249.0 14.0 249.0 458.0 15.0 458.0 
1 2 0.78 0.78 152.0 60.0 152.0 435.0 170.0 435.0 
1 2 0.67 0.67 882.0 322.0 882.0 512.0 160.0 512.0 
1 2 0.74 0.74 345.0 145.0 345.0 725.0 238.0 725.0 
1 3 0.91 0.91 345.0 145.0 345.0 725.0 238.0 725.0 37.0 6.0 37.0 
1 2 0.53 0.53 951.0 51.0 951.0 655.0 317.0 655.0 
1 3 0.58 0.58 951.0 51.0 951.0 655.0 317.0 655.0 894.0 40.0 894.0 
1 2 0.34 0.34 935.0 192.0 935.0 662.0 90.0 662.0 
1 3 0.7 0.7 935.0 192.0 935.0 662.0 90.0 662.0 389.0 143.0 389.0 
1 4 0.74 0.74 935.0 192.0 935.0 662.0 90.0 662.0 389.0 143.0 389.0 418.0 14.0 418.0 
1 2 0.38 0.38 661.0 103.0 661.0 539.0 125.0 539.0 
1 3 0.52 0.52 661.0 103.0 661.0 539.0 125.0 539.0 345.0 48.0 345.0 
1 4 0.71 0.71 661.0 103.0 661.0 539.0 125.0 539.0 345.0 48.0 345.0 184.0 35.0 184.0 
1 5 0.76 0.76 661.0 103.0 661.0 539.0 125.0 539.0 345.0 48.0 345.0 184.0 35.0 184.0 515.0 24.0 515.0 
1 2 0.56 0.56 204.0 86.0 204.0 638.0 94.0 638.0 
1 2 0.28 0.28 206.0 7.0 206.0 12.0 3.0 12.0 
1 3 0.72 0.72 206.0 7.0 206.0 12.0 3.0 12.0 605.0 265.0 605.0 
1 4 0.82 0.82 206.0 7.0 206.0 12.0 3.0 12.0 605.0 265.0 605.0 218.0 23.0 218.0 
1 2 0.34 0.34 131.0 19.0 131.0 54.0 11.0 54.0 
1 3 0.79 0.79 131.0 19.0 131.0 54.0 11.0 54.0 739.0 333.0 739.0 
1 2 0.54 0.54 318.0 139.0 318.0 537.0 60.0 537.0 
1 3 0.71 0.71 318.0 139.0 318.0 537.0 60.0 537.0 955.0 159.0 955.0 
1 2 0.82 0.82 771.0 187.0 771.0 728.0 425.0 728.0 
1 3 0.96 0.96 771.0 187.0 771.0 728.0 425.0 728.0 459.0 64.0 459.0 
1 2 0.81 0.81 839.0 325.0 839.0 916.0 392.0 916.0 
1 2 0.17 0.17 702.0 51.0 702.0 977.0 104.0 977.0 
1 3 0.26 0.26 702.0 51.0 702.0 977.0 104.0 977.0 131.0 11.0 131.0 
1 4 0.66 0.66 702.0 51.0 702.0 977.0 104.0 977.0 131.0 11.0 131.0 596.0 241.0 596.0 
1 2 0.53 0.53 617.0 181.0 617.0 781.0 185.0 781.0 
1 3 0.83 0.83 617.0 181.0 617.0 781.0 185.0 781.0 125.0 38.0 125.0 
1 2 0.62 0.62 999.0 309.0 999.0 372.0 117.0 372.0 
1 2 0.81 0.81 323.0 11.0 323.0 511.0 399.0 511.0 
1 3 0.85 0.85 323.0 11.0 323.0 511.0 399.0 511.0 964.0 36.0 964.0 
1 4 0.98 0.98 323.0 11.0 323.0 511.0 399.0 511.0 964.0 36.0 964.0 898.0 117.0 898.0 
1 2 0.39 0.39 46.0 15.0 46.0 205.0 14.0 205.0 
1 3 0.58 0.58 46.0 15.0 46.0 205.0 14.0 205.0 597.0 113.0 597.0 
1 4 0.63 0.63 46.0 15.0 46.0 205.0 14.0 205.0 597.0 113.0 597.0 697.0 38.0 697.0 
1 5 0.84 0.84 46.0 15.0 46.0 205.0 14.0 205.0 597.0 113.0 597.0 697.0 38.0 697.0 286.0 60.0 286.0 
1 2 0.91 0.91 976.0 112.0 976.0 413.0 332.0 413.0 
1 2 0.88 0.88 817.0 358.0 817.0 27.0 12.0 27.0 
1 3 0.9 0.9 817.0 358.0 817.0 27.0 12.0 27.0 87.0 2.0 87.0 
1 2 0.62 0.62 425.0 69.0 425.0 544.0 254.0 544.0 
1 2 0.91 0.91 100.0 58.0 100.0 3.0 1.0 3.0 
1 2 0.85 0.85 922.0 105.0 922.0 896.0 667.0 896.0 
1 2 0.54 0.54 225.0 90.0 225.0 405.0 58.0 405.0 
1 3 0.7 0.7 225.0 90.0 225.0 405.0 58.0 405.0 978.0 162.0 978.0 
1 4 0.8 0.8 225.0 90.0 225.0 405.0 58.0 405.0 978.0 162.0 978.0 553.0 55.0 553.0 
1 2 0.51 0.51 919.0 201.0 919.0 143.0 42.0 143.0 
1 3 0.52 0.52 919.0 201.0 919.0 143.0 42.0 143.0 430.0 6.0 430.0 
1 4 0.93 0.93 919.0 201.0 919.0 143.0 42.0 143.0 430.0 6.0 430.0 802.0 331.0 802.0 
1 2 0.72 0.72 147.0 67.0 147.0 240.0 65.0 240.0 
1 3 0.72 0.72 147.0 67.0 147.0 240.0 65.0 240.0 899.0 2.0 899.0 
1 2 0.48 0.48 386.0 28.0 386.0 252.0 104.0 252.0 
1 3 0.91 0.91 386.0 28.0 386.0 252.0 104.0 252.0 969.0 419.0 969.0 
1 2 0.35 0.35 591.0 105.0 591.0 745.0 134.0 745.0 
1 3 0.6 0.6 591.0 105.0 591.0 745.0 134.0 745.0 599.0 150.0 599.0 
1 4 0.96 0.96 591.0 105.0 591.0 745.0 134.0 745.0 599.0 150.0 599.0 922.0 332.0 922.0 
1 2 0.75 0.75 794.0 368.0 794.0 960.0 282.0 960.0 
1 3 0.87 0.87 794.0 368.0 794.0 960.0 282.0 960.0 980.0 118.0 980.0 
1 2 0.56 0.56 499.0 53.0 499.0 886.0 408.0 886.0 
1 3 0.66 0.66 499.0 53.0 499.0 886.0 408.0 886.0 821.0 79.0 821.0 
1 4 0.75 0.75 499.0 53.0 499.0 886.0 408.0 886.0 821.0 79.0 821.0 11.0 1.0 11.0 
1 5 0.87 0.87 499.0 53.0 499.0 886.0 408.0 886.0 821.0 79.0 821.0 11.0 1.0 11.0 942.0 112.0 942.0 
1 2 0.41 0.41 421.0 155.0 421.0 359.0 16.0 359.0 
1 3 0.88 0.88 421.0 155.0 421.0 359.0 16.0 359.0 956.0 447.0 956.0 
1 2 0.34 0.34 548.0 176.0 548.0 357.0 7.0 357.0 
1 3 0.44 0.44 548.0 176.0 548.0 357.0 7.0 357.0 644.0 68.0 644.0 
1 2 0.61 0.61 216.0 88.0 216.0 806.0 169.0 806.0 
1 3 0.66 0.66 216.0 88.0 216.0 806.0 169.0 806.0 285.0 15.0 285.0 
1 4 0.94 0.94 216.0 88.0 216.0 806.0 169.0 806.0 285.0 15.0 285.0 561.0 152.0 561.0 
1 2 0.7 0.7 425.0 203.0 425.0 373.0 85.0 373.0 
1 2 0.66 0.66 124.0 40.0 124.0 608.0 210.0 608.0 
1 2 0.52 0.52 614.0 245.0 614.0 969.0 120.0 969.0 
1 3 0.78 0.78 614.0 245.0 614.0 969.0 120.0 969.0 629.0 165.0 629.0 
1 2 0.64 0.64 915.0 11.0 915.0 408.0 260.0 408.0 
1 3 0.65 0.65 915.0 11.0 915.0 408.0 260.0 408.0 895.0 2.0 895.0 
1 4 0.88 0.88 915.0 11.0 915.0 408.0 260.0 408.0 895.0 2.0 895.0 845.0 201.0 845.0 
1 2 0.6 0.6 884.0 330.0 884.0 722.0 170.0 722.0 
1 3 0.94 0.94 884.0 330.0 884.0 722.0 170.0 722.0 110.0 37.0 110.0 
1 2 0.42 0.42 776.0 171.0 776.0 60.0 12.0 60.0 
1 3 0.63 0.63 776.0 171.0 776.0 60.0 12.0 60.0 594.0 128.0 594.0 
1 4 0.75 0.75 776.0 171.0 776.0 60.0 12.0 60.0 594.0 128.0 594.0 690.0 80.0 690.0 
1 5 0.76 0.76 776.0 171.0 776.0 60.0 12.0 60.0 594.0 128.0 594.0 690.0 80.0 690.0 725.0 12.0 725.0 
1 2 0.49 0.49 522.0 86.0 522.0 205.0 67.0 205.0 
1 3 0.75 0.75 522.0 86.0 522.0 205.0 67.0 205.0 934.0 247.0 934.0 
1 4 0.89 0.89 522.0 86.0 522.0 205.0 67.0 205.0 934.0 247.0 934.0 416.0 58.0 416.0 
1 5 0.95 0.95 522.0 86.0 522.0 205.0 67.0 205.0 934.0 247.0 934.0 416.0 58.0 416.0 741.0 44.0 741.0 
1 2 0.14 0.14 903.0 17.0 903.0 973.0 123.0 973.0 
1 3 0.63 0.63 903.0 17.0 903.0 973.0 123.0 973.0 224.0 110.0 224.0 
1 4 0.84 0.84 903.0 17.0 903.0 973.0 123.0 973.0 224.0 110.0 224.0 208.0 43.0 208.0 
1 2 0.44 0.44 221.0 77.0 221.0 223.0 22.0 223.0 
1 3 0.45 0.45 221.0 77.0 221.0 223.0 22.0 223.0 270.0 2.0 270.0 
1 4 0.48 0.48 221.0 77.0 221.0 223.0 22.0 223.0 270.0 2.0 270.0 847.0 23.0 847.0 
1 5 0.48 0.48 221.0 77.0 221.0 223.0 22.0 223.0 270.0 2.0 270.0 847.0 23.0 847.0 630.0 5.0 630.0 
1 6 0.51 0.51 221.0 77.0 221.0 223.0 22.0 223.0 270.0 2.0 270.0 847.0 23.0 847.0 630.0 5.0 630.0 869.0 24.0 869.0 
1 7 0.82 0.82 221.0 77.0 221.0 223.0 22.0 223.0 270.0 2.0 270.0 847.0 23.0 847.0 630.0 5.0 630.0 869.0 24.0 869.0 822.0 249.0 822.0 
1 8 0.95 0.95 221.0 77.0 221.0 223.0 22.0 223.0 270.0 2.0 270.0 847.0 23.0 847.0 630.0 5.0 630.0 869.0 24.0 869.0 822.0 249.0 822.0 109.0 15.0 109.0 
1 2 0.18 0.18 680.0 124.0 680.0 679.0 1.0 679.0 
1 3 0.33 0.33 680.0 124.0 680.0 679.0 1.0 679.0 506.0 78.0 506.0 
1 4 0.54 0.54 680.0 124.0 680.0 679.0 1.0 679.0 506.0 78.0 506.0 168.0 34.0 168.0 
1 5 0.89 0.89 680.0 124.0 680.0 679.0 1.0 679.0 506.0 78.0 506.0 168.0 34.0 168.0 551.0 198.0 551.0 
1 2 0.35 0.35 540.0 73.0 540.0 174.0 39.0 174.0 
1 3 0.85 0.85 540.0 73.0 540.0 174.0 39.0 174.0 462.0 229.0 462.0 
1 2 0.48 0.48 585.0 229.0 585.0 431.0 40.0 431.0 
1 3 0.81 0.81 585.0 229.0 585.0 431.0 40.0 431.0 143.0 48.0 143.0 
1 4 0.93 0.93 585.0 229.0 585.0 431.0 40.0 431.0 143.0 48.0 143.0 943.0 107.0 943.0 
1 2 0.31 0.31 534.0 119.0 534.0 548.0 48.0 548.0 
1 2 0.43 0.43 173.0 72.0 173.0 58.0 1.0 58.0 
1 2 0.35 0.35 245.0 26.0 245.0 607.0 154.0 607.0 
1 3 0.5 0.5 245.0 26.0 245.0 607.0 154.0 607.0 711.0 101.0 711.0 
1 4 0.71 0.71 245.0 26.0 245.0 607.0 154.0 607.0 711.0 101.0 711.0 981.0 213.0 981.0 
1 5 0.95 0.95 245.0 26.0 245.0 607.0 154.0 607.0 711.0 101.0 711.0 981.0 213.0 981.0 77.0 18.0 77.0 
1 2 0.82 0.82 820.0 286.0 820.0 886.0 421.0 886.0 
1 2 0.35 0.35 483.0 73.0 483.0 853.0 177.0 853.0 
1 3 0.42 0.42 483.0 73.0 483.0 853.0 177.0 853.0 656.0 42.0 656.0 
1 4 0.7 0.7 483.0 73.0 483.0 853.0 177.0 853.0 656.0 42.0 656.0 7.0 2.0 7.0 
1 2 0.5 0.5 998.0 64.0 998.0 641.0 283.0 641.0 
1 3 0.92 0.92 998.0 64.0 998.0 641.0 283.0 641.0 732.0 305.0 732.0 
1 2 0.38 0.38 345.0 102.0 345.0 542.0 49.0 542.0 
1 3 0.48 0.48 345.0 102.0 345.0 542.0 49.0 542.0 920.0 92.0 920.0 
1 4 0.49 0.49 345.0 102.0 345.0 542.0 49.0 542.0 920.0 92.0 920.0 426.0 5.0 426.0 
1 5 0.64 0.64 345.0 102.0 345.0 542.0 49.0 542.0 920.0 92.0 920.0 426.0 5.0 426.0 938.0 135.0 938.0 
1 6 0.84 0.84 345.0 102.0 345.0 542.0 49.0 542.0 920.0 92.0 920.0 426.0 5.0 426.0 938.0 135.0 938.0 551.0 111.0 551.0 
1 2 0.67 0.67 857.0 174.0 857.0 931.0 437.0 931.0 
1 2 0.91 0.91 254.0 54.0 254.0 128.0 90.0 128.0 
1 2 0.93 0.93 136.0 19.0 136.0 353.0 280.0 353.0 
1 2 0.31 0.31 673.0 86.0 673.0 610.0 114.0 610.0 
1 3 0.76 0.76 673.0 86.0 673.0 610.0 114.0 610.0 453.0 204.0 453.0 
1 2 0.65 0.65 411.0 247.0 411.0 527.0 30.0 527.0 
1 2 0.56 0.56 336.0 121.0 336.0 24.0 5.0 24.0 
1 2 0.24 0.24 726.0 39.0 726.0 754.0 146.0 754.0 
1 3 0.46 0.46 726.0 39.0 726.0 754.0 146.0 754.0 378.0 82.0 378.0 
1 4 0.81 0.81 726.0 39.0 726.0 754.0 146.0 754.0 378.0 82.0 378.0 237.0 84.0 237.0 
1 2 0.62 0.62 930.0 230.0 930.0 606.0 230.0 606.0 
1 2 0.75 0.75 826.0 348.0 826.0 692.0 234.0 692.0 
1 2 0.66 0.66 997.0 614.0 997.0 516.0 27.0 516.0 
1 2 0.39 0.39 479.0 73.0 479.0 778.0 188.0 778.0 
1 3 0.68 0.68 479.0 73.0 479.0 778.0 188.0 778.0 473.0 137.0 473.0 
1 4 0.94 0.94 479.0 73.0 479.0 778.0 188.0 778.0 473.0 137.0 473.0 874.0 226.0 874.0 
1 2 0.53 0.53 627.0 278.0 627.0 509.0 45.0 509.0 
1 3 0.91 0.91 627.0 278.0 627.0 509.0 45.0 509.0 299.0 115.0 299.0 
1 4 0.95 0.95 627.0 278.0 627.0 509.0 45.0 509.0 299.0 115.0 299.0 965.0 36.0 965.0 
1 2 0.36 0.36 293.0 56.0 293.0 881.0 152.0 881.0 
1 3 0.85 0.85 293.0 56.0 293.0 881.0 152.0 881.0 317.0 155.0 317.0 
1 2 0.63 0.63 323.0 121.0 323.0 544.0 141.0 544.0 
1 2 0.57 0.57 515.0 127.0 515.0 402.0 134.0 402.0 
1 3 0.92 0.92 515.0 127.0 515.0 402.0 134.0 402.0 601.0 209.0 601.0 
1 2 0.52 0.52 539.0 219.0 539.0 137.0 16.0 137.0 
1 2 0.66 0.66 985.0 179.0 985.0 691.0 334.0 691.0 
1 2 0.48 0.48 114.0 10.0 114.0 79.0 31.0 79.0 
1 3 0.76 0.76 114.0 10.0 114.0 79.0 31.0 79.0 692.0 195.0 692.0 
1 4 0.86 0.86 114.0 10.0 114.0 79.0 31.0 79.0 692.0 195.0 692.0 528.0 57.0 528.0 
1 5 0.95 0.95 114.0 10.0 114.0 79.0 31.0 79.0 692.0 195.0 692.0 528.0 57.0 528.0 385.0 31.0 385.0 
1 2 0.15 0.15 756.0 74.0 756.0 653.0 40.0 653.0 
1 3 0.65 0.65 756.0 74.0 756.0 653.0 40.0 653.0 8.0 4.0 8.0 
1 2 0.47 0.47 376.0 26.0 376.0 907.0 371.0 907.0 
1 3 0.52 0.52 376.0 26.0 376.0 907.0 371.0 907.0 923.0 41.0 923.0 
1 4 0.67 0.67 376.0 26.0 376.0 907.0 371.0 907.0 923.0 41.0 923.0 494.0 73.0 494.0 
1 5 0.99 0.99 376.0 26.0 376.0 907.0 371.0 907.0 923.0 41.0 923.0 494.0 73.0 494.0 142.0 46.0 142.0 
1 2 0.98 0.98 480.0 96.0 480.0 212.0 167.0 212.0 
1 2 0.38 0.38 176.0 36.0 176.0 931.0 172.0 931.0 
1 3 0.86 0.86 176.0 36.0 176.0 931.0 172.0 931.0 735.0 351.0 735.0 
1 4 0.98 0.98 176.0 36.0 176.0 931.0 172.0 931.0 735.0 351.0 735.0 506.0 58.0 506.0 
1 2 0.3 0.3 200.0 15.0 200.0 717.0 165.0 717.0 
1 3 0.89 0.89 200.0 15.0 200.0 717.0 165.0 717.0 909.0 533.0 909.0 
1 2 0.81 0.81 972.0 410.0 972.0 755.0 300.0 755.0 
1 2 0.95 0.95 105.0 66.0 105.0 326.0 105.0 326.0 
1 2 0.65 0.65 107.0 53.0 107.0 541.0 89.0 541.0 
1 3 0.89 0.89 107.0 53.0 107.0 541.0 89.0 541.0 613.0 144.0 613.0 
1 2 0.43 0.43 632.0 116.0 632.0 851.0 216.0 851.0 
1 3 0.9 0.9 632.0 116.0 632.0 851.0 216.0 851.0 336.0 158.0 336.0 
1 2 0.36 0.36 893.0 177.0 893.0 719.0 117.0 719.0 
1 3 0.38 0.38 893.0 177.0 893.0 719.0 117.0 719.0 246.0 6.0 246.0 
1 4 0.78 0.78 893.0 177.0 893.0 719.0 117.0 719.0 246.0 6.0 246.0 725.0 289.0 725.0 
1 2 0.72 0.72 113.0 55.0 113.0 816.0 192.0 816.0 
1 3 0.78 0.78 113.0 55.0 113.0 816.0 192.0 816.0 112.0 7.0 112.0 
1 4 0.95 0.95 113.0 55.0 113.0 816.0 192.0 816.0 112.0 7.0 112.0 129.0 22.0 129.0 
1 2 0.93 0.93 710.0 591.0 710.0 155.0 16.0 155.0 
1 2 0.79 0.79 319.0 167.0 319.0 682.0 185.0 682.0 
1 2 0.64 0.64 966.0 408.0 966.0 723.0 161.0 723.0 
1 3 0.83 0.83 966.0 408.0 966.0 723.0 161.0 723.0 789.0 152.0 789.0 
1 4 0.86 0.86 966.0 408.0 966.0 723.0 161.0 723.0 789.0 152.0 789.0 372.0 11.0 372.0 
1 2 0.82 0.82 481.0 195.0 481.0 535.0 225.0 535.0 
1 2 0.4 0.4 759.0 150.0 759.0 976.0 198.0 976.0 
1 3 0.82 0.82 759.0 150.0 759.0 976.0 198.0 976.0 924.0 394.0 924.0 
1 2 0.81 0.81 410.0 135.0 410.0 545.0 267.0 545.0 
1 3 0.93 0.93 410.0 135.0 410.0 545.0 267.0 545.0 132.0 15.0 132.0 
1 2 0.47 0.47 430.0 69.0 430.0 220.0 70.0 220.0 
1 3 0.92 0.92 430.0 69.0 430.0 220.0 70.0 220.0 736.0 332.0 736.0 
1 2 0.22 0.22 829.0 126.0 829.0 13.0 1.0 13.0 
1 3 0.42 0.42 829.0 126.0 829.0 13.0 1.0 13.0 170.0 33.0 170.0 
1 4 0.89 0.89 829.0 126.0 829.0 13.0 1.0 13.0 170.0 33.0 170.0 65.0 31.0 65.0 
1 2 0.32 0.32 155.0 22.0 155.0 196.0 35.0 196.0 
1 3 0.74 0.74 155.0 22.0 155.0 196.0 35.0 196.0 645.0 273.0 645.0 
1 2 0.24 0.24 714.0 105.0 714.0 41.0 4.0 41.0 
1 2 0.86 0.86 533.0 400.0 533.0 598.0 70.0 598.0 
1 3 0.91 0.91 533.0 400.0 533.0 598.0 70.0 598.0 145.0 7.0 145.0 
1 2 0.59 0.59 30.0 5.0 30.0 698.0 296.0 698.0 
1 2 0.87 0.87 417.0 137.0 417.0 220.0 120.0 220.0 
1 3 0.89 0.89 417.0 137.0 417.0 220.0 120.0 220.0 165.0 3.0 165.0 
1 2 0.5 0.5 145.0 47.0 145.0 602.0 107.0 602.0 
1 3 0.83 0.83 145.0 47.0 145.0 602.0 107.0 602.0 304.0 100.0 304.0 
1 2 0.65 0.65 769.0 250.0 769.0 627.0 206.0 627.0 
1 2 0.76 0.76 833.0 268.0 833.0 699.0 308.0 699.0 
1 3 0.86 0.86 833.0 268.0 833.0 699.0 308.0 699.0 885.0 91.0 885.0 
1 2 0.56 0.56 884.0 251.0 884.0 61.0 17.0 61.0 
1 3 0.9 0.9 884.0 251.0 884.0 61.0 17.0 61.0 178.0 61.0 178.0 
1 2 0.61 0.61 910.0 447.0 910.0 196.0 24.0 196.0 
1 3 0.8 0.8 910.0 447.0 910.0 196.0 24.0 196.0 906.0 170.0 906.0 
1 2 0.42 0.42 110.0 44.0 110.0 618.0 17.0 618.0 
1 3 0.91 0.91 110.0 44.0 110.0 618.0 17.0 618.0 495.0 242.0 495.0 
1 4 0.94 0.94 110.0 44.0 110.0 618.0 17.0 618.0 495.0 242.0 495.0 406.0 10.0 406.0 
1 2 0.62 0.62 857.0 306.0 857.0 978.0 259.0 978.0 
1 3 0.79 0.79 857.0 306.0 857.0 978.0 259.0 978.0 956.0 166.0 956.0 
1 4 0.8 0.8 857.0 306.0 857.0 978.0 259.0 978.0 956.0 166.0 956.0 166.0 1.0 166.0 
1 5 0.84 0.84 857.0 306.0 857.0 978.0 259.0 978.0 956.0 166.0 956.0 166.0 1.0 166.0 319.0 13.0 319.0 
1 6 0.96 0.96 857.0 306.0 857.0 978.0 259.0 978.0 956.0 166.0 956.0 166.0 1.0 166.0 319.0 13.0 319.0 466.0 58.0 466.0 
1 2 0.69 0.69 130.0 54.0 130.0 134.0 37.0 134.0 
1 3 0.92 0.92 130.0 54.0 130.0 134.0 37.0 134.0 365.0 87.0 365.0 
1 4 0.95 0.95 130.0 54.0 130.0 134.0 37.0 134.0 365.0 87.0 365.0 466.0 14.0 466.0 
1 2 0.61 0.61 113.0 19.0 113.0 201.0 89.0 201.0 
1 2 0.59 0.59 435.0 158.0 435.0 776.0 178.0 776.0 
1 3 0.88 0.88 435.0 158.0 435.0 776.0 178.0 776.0 841.0 244.0 841.0 
1 2 0.89 0.89 891.0 379.0 891.0 545.0 258.0 545.0 
1 3 0.99 0.99 891.0 379.0 891.0 545.0 258.0 545.0 355.0 35.0 355.0 
1 2 0.59 0.59 102.0 33.0 102.0 369.0 101.0 369.0 
1 3 0.78 0.78 102.0 33.0 102.0 369.0 101.0 369.0 381.0 73.0 381.0 
1 2 0.32 0.32 660.0 131.0 660.0 814.0 100.0 814.0 
1 3 0.32 0.32 660.0 131.0 660.0 814.0 100.0 814.0 259.0 1.0 259.0 
1 4 0.72 0.72 660.0 131.0 660.0 814.0 100.0 814.0 259.0 1.0 259.0 489.0 194.0 489.0 
1 2 0.59 0.59 824.0 281.0 824.0 768.0 195.0 768.0 
1 3 0.93 0.93 824.0 281.0 824.0 768.0 195.0 768.0 948.0 323.0 948.0 
1 2 0.51 0.51 373.0 4.0 373.0 8.0 4.0 8.0 
1 3 0.54 0.54 373.0 4.0 373.0 8.0 4.0 8.0 666.0 21.0 666.0 
1 4 0.99 0.99 373.0 4.0 373.0 8.0 4.0 8.0 666.0 21.0 666.0 730.0 333.0 730.0 
1 2 0.95 0.95 757.0 463.0 757.0 659.0 224.0 659.0 
1 2 0.76 0.76 285.0 147.0 285.0 411.0 104.0 411.0 
1 3 0.81 0.81 285.0 147.0 285.0 411.0 104.0 411.0 21.0 1.0 21.0 
1 2 0.32 0.32 983.0 208.0 983.0 972.0 113.0 972.0 
1 3 0.68 0.68 983.0 208.0 983.0 972.0 113.0 972.0 324.0 115.0 324.0 
1 4 0.76 0.76 983.0 208.0 983.0 972.0 113.0 972.0 324.0 115.0 324.0 627.0 51.0 627.0 
1 2 0.9 0.9 489.0 388.0 489.0 764.0 86.0 764.0 
1 2 0.18 0.18 103.0 3.0 103.0 679.0 104.0 679.0 
1 3 0.47 0.47 103.0 3.0 103.0 679.0 104.0 679.0 34.0 10.0 34.0 
1 4 0.49 0.49 103.0 3.0 103.0 679.0 104.0 679.0 34.0 10.0 34.0 191.0 4.0 191.0 
1 5 0.73 0.73 103.0 3.0 103.0 679.0 104.0 679.0 34.0 10.0 34.0 191.0 4.0 191.0 612.0 147.0 612.0 
1 2 0.22 0.22 185.0 38.0 185.0 842.0 18.0 842.0 
1 3 0.66 0.66 185.0 38.0 185.0 842.0 18.0 842.0 276.0 122.0 276.0 
1 2 0.91 0.91 619.0 304.0 619.0 28.0 12.0 28.0 
1 2 0.81 0.81 417.0 149.0 417.0 63.0 29.0 63.0 
1 2 0.13 0.13 717.0 49.0 717.0 969.0 60.0 969.0 
1 3 0.39 0.39 717.0 49.0 717.0 969.0 60.0 969.0 355.0 95.0 355.0 
1 2 0.54 0.54 910.0 272.0 910.0 547.0 134.0 547.0 
1 3 0.96 0.96 910.0 272.0 910.0 547.0 134.0 547.0 540.0 228.0 540.0 
1 2 0.45 0.45 130.0 1.0 130.0 947.0 421.0 947.0 
1 3 0.54 0.54 130.0 1.0 130.0 947.0 421.0 947.0 762.0 70.0 762.0 
1 4 0.69 0.69 130.0 1.0 130.0 947.0 421.0 947.0 762.0 70.0 762.0 59.0 9.0 59.0 
1 5 0.77 0.77 130.0 1.0 130.0 947.0 421.0 947.0 762.0 70.0 762.0 59.0 9.0 59.0 890.0 68.0 890.0 
1 6 0.89 0.89 130.0 1.0 130.0 947.0 421.0 947.0 762.0 70.0 762.0 59.0 9.0 59.0 890.0 68.0 890.0 571.0 68.0 571.0 
1 2 0.51 0.51 889.0 305.0 889.0 523.0 90.0 523.0 
1 3 0.52 0.52 889.0 305.0 889.0 523.0 90.0 523.0 458.0 4.0 458.0 
1 2 0.44 0.44 894.0 383.0 894.0 930.0 16.0 930.0 
1 3 0.67 0.67 894.0 383.0 894.0 930.0 16.0 930.0 194.0 45.0 194.0 
1 4 0.89 0.89 894.0 383.0 894.0 930.0 16.0 930.0 194.0 45.0 194.0 807.0 173.0 807.0 
1 2 0.61 0.61 115.0 35.0 115.0 430.0 134.0 430.0 
1 3 0.92 0.92 115.0 35.0 115.0 430.0 134.0 430.0 523.0 162.0 523.0 
1 2 0.13 0.13 818.0 80.0 818.0 676.0 22.0 676.0 
1 3 0.35 0.35 818.0 80.0 818.0 676.0 22.0 676.0 9.0 2.0 9.0 
1 4 0.6 0.6 818.0 80.0 818.0 676.0 22.0 676.0 9.0 2.0 9.0 51.0 13.0 51.0 
1 5 0.74 0.74 818.0 80.0 818.0 676.0 22.0 676.0 9.0 2.0 9.0 51.0 13.0 51.0 914.0 125.0 914.0 
1 6 0.77 0.77 818.0 80.0 818.0 676.0 22.0 676.0 9.0 2.0 9.0 51.0 13.0 51.0 914.0 125.0 914.0 869.0 30.0 869.0 
1 7 0.87 0.87 818.0 80.0 818.0 676.0 22.0 676.0 9.0 2.0 9.0 51.0 13.0 51.0 914.0 125.0 914.0 869.0 30.0 869.0 246.0 23.0 246.0 
1 2 0.52 0.52 519.0 240.0 519.0 51.0 3.0 51.0 
1 2 0.33 0.33 581.0 22.0 581.0 241.0 72.0 241.0 
1 3 0.53 0.53 581.0 22.0 581.0 241.0 72.0 241.0 5.0 1.0 5.0 
1 4 0.69 0.69 581.0 22.0 581.0 241.0 72.0 241.0 5.0 1.0 5.0 858.0 139.0 858.0 
1 5 0.88 0.88 581.0 22.0 581.0 241.0 72.0 241.0 5.0 1.0 5.0 858.0 139.0 858.0 870.0 163.0 870.0 
1 6 0.91 0.91 581.0 22.0 581.0 241.0 72.0 241.0 5.0 1.0 5.0 858.0 139.0 858.0 870.0 163.0 870.0 418.0 13.0 418.0 
1 2 0.49 0.49 477.0 111.0 477.0 787.0 206.0 787.0 
1 3 0.99 0.99 477.0 111.0 477.0 787.0 206.0 787.0 875.0 436.0 875.0 
1 2 0.78 0.78 88.0 15.0 88.0 835.0 509.0 835.0 
1 2 0.19 0.19 891.0 11.0 891.0 135.0 25.0 135.0 
1 3 0.58 0.58 891.0 11.0 891.0 135.0 25.0 135.0 673.0 262.0 673.0 
1 4 0.62 0.62 891.0 11.0 891.0 135.0 25.0 135.0 673.0 262.0 673.0 867.0 32.0 867.0 
1 5 0.71 0.71 891.0 11.0 891.0 135.0 25.0 135.0 673.0 262.0 673.0 867.0 32.0 867.0 974.0 93.0 974.0 
1 6 0.92 0.92 891.0 11.0 891.0 135.0 25.0 135.0 673.0 262.0 673.0 867.0 32.0 867.0 974.0 93.0 974.0 298.0 61.0 298.0 
1 2 0.75 0.75 674.0 236.0 674.0 791.0 320.0 791.0 
1 2 0.43 0.43 672.0 6.0 672.0 117.0 50.0 117.0 
1 3 0.92 0.92 672.0 6.0 672.0 117.0 50.0 117.0 978.0 477.0 978.0 
1 2 0.77 0.77 250.0 84.0 250.0 659.0 288.0 659.0 
1 3 0.98 0.98 250.0 84.0 250.0 659.0 288.0 659.0 213.0 45.0 213.0 
1 2 0.93 0.93 555.0 179.0 555.0 491.0 301.0 491.0 
1 2 0.79 0.79 462.0 219.0 462.0 907.0 293.0 907.0 
1 3 0.91 0.91 462.0 219.0 462.0 907.0 293.0 907.0 322.0 38.0 322.0 
1 2 0.14 0.14 327.0 30.0 327.0 981.0 53.0 981.0 
1 3 0.53 0.53 327.0 30.0 327.0 981.0 53.0 981.0 456.0 176.0 456.0 
1 4 0.97 0.97 327.0 30.0 327.0 981.0 53.0 981.0 456.0 176.0 456.0 882.0 392.0 882.0 
1 2 0.26 0.26 208.0 1.0 208.0 593.0 155.0 593.0 
1 3 0.71 0.71 208.0 1.0 208.0 593.0 155.0 593.0 692.0 308.0 692.0 
1 4 0.85 0.85 208.0 1.0 208.0 593.0 155.0 593.0 692.0 308.0 692.0 478.0 70.0 478.0 
1 2 0.47 0.47 947.0 112.0 947.0 719.0 257.0 719.0 
1 3 0.68 0.68 947.0 112.0 947.0 719.0 257.0 719.0 165.0 34.0 165.0 
1 4 0.84 0.84 947.0 112.0 947.0 719.0 257.0 719.0 165.0 34.0 165.0 519.0 86.0 519.0 
1 2 0.66 0.66 663.0 24.0 663.0 280.0 177.0 280.0 
1 3 0.8 0.8 663.0 24.0 663.0 280.0 177.0 280.0 157.0 22.0 157.0 
1 2 0.85 0.85 499.0 182.0 499.0 580.0 282.0 580.0 
1 3 0.92 0.92 499.0 182.0 499.0 580.0 282.0 580.0 714.0 50.0 714.0 
1 2 0.59 0.59 889.0 38.0 889.0 555.0 306.0 555.0 
1 3 0.66 0.66 889.0 38.0 889.0 555.0 306.0 555.0 41.0 3.0 41.0 
1 4 0.93 0.93 889.0 38.0 889.0 555.0 306.0 555.0 41.0 3.0 41.0 777.0 206.0 777.0 
1 2 0.38 0.38 629.0 233.0 629.0 137.0 2.0 137.0 
1 3 0.85 0.85 629.0 233.0 629.0 137.0 2.0 137.0 111.0 52.0 111.0 
1 2 0.37 0.37 903.0 272.0 903.0 517.0 38.0 517.0 
1 3 0.6 0.6 903.0 272.0 903.0 517.0 38.0 517.0 39.0 9.0 39.0 
1 2 0.28 0.28 339.0 41.0 339.0 67.0 11.0 67.0 
1 3 0.64 0.64 339.0 41.0 339.0 67.0 11.0 67.0 369.0 134.0 369.0 
1 4 0.82 0.82 339.0 41.0 339.0 67.0 11.0 67.0 369.0 134.0 369.0 187.0 33.0 187.0 
1 2 0.78 0.78 231.0 115.0 231.0 221.0 64.0 221.0 
1 2 0.55 0.55 825.0 213.0 825.0 517.0 153.0 517.0 
1 2 0.53 0.53 21.0 4.0 21.0 188.0 64.0 188.0 
1 3 0.99 0.99 21.0 4.0 21.0 188.0 64.0 188.0 188.0 87.0 188.0 
1 2 0.48 0.48 420.0 153.0 420.0 59.0 7.0 59.0 
1 3 0.68 0.68 420.0 153.0 420.0 59.0 7.0 59.0 871.0 173.0 871.0 
1 2 0.57 0.57 258.0 76.0 258.0 459.0 129.0 459.0 
1 3 0.83 0.83 258.0 76.0 258.0 459.0 129.0 459.0 349.0 90.0 349.0 
1 2 0.9 0.9 583.0 253.0 583.0 587.0 279.0 587.0 
1 2 0.45 0.45 969.0 119.0 969.0 659.0 220.0 659.0 
1 3 0.53 0.53 969.0 119.0 969.0 659.0 220.0 659.0 440.0 36.0 440.0 
1 4 0.82 0.82 969.0 119.0 969.0 659.0 220.0 659.0 440.0 36.0 440.0 675.0 193.0 675.0 
1 2 0.39 0.39 433.0 74.0 433.0 555.0 123.0 555.0 
1 3 0.67 0.67 433.0 74.0 433.0 555.0 123.0 555.0 556.0 157.0 556.0 
1 2 0.92 0.92 55.0 25.0 55.0 914.0 431.0 914.0 
1 2 0.52 0.52 744.0 54.0 744.0 458.0 207.0 458.0 
1 2 0.29 0.29 315.0 12.0 315.0 549.0 140.0 549.0 
1 3 0.38 0.38 315.0 12.0 315.0 549.0 140.0 549.0 250.0 23.0 250.0 
1 4 0.49 0.49 315.0 12.0 315.0 549.0 140.0 549.0 250.0 23.0 250.0 983.0 108.0 983.0 
1 5 0.98 0.98 315.0 12.0 315.0 549.0 140.0 549.0 250.0 23.0 250.0 983.0 108.0 983.0 680.0 334.0 680.0 
1 2 0.25 0.25 6.0 1.0 6.0 46.0 4.0 46.0 
1 3 0.66 0.66 6.0 1.0 6.0 46.0 4.0 46.0 58.0 24.0 58.0 
1 2 0.75 0.75 402.0 181.0 402.0 520.0 159.0 520.0 
1 2 0.87 0.87 42.0 1.0 42.0 996.0 850.0 996.0 
1 2 0.02 0.02 931.0 23.0 931.0 987.0 5.0 987.0 
1 3 0.52 0.52 931.0 23.0 931.0 987.0 5.0 987.0 812.0 399.0 812.0 
1 4 0.71 0.71 931.0 23.0 931.0 987.0 5.0 987.0 812.0 399.0 812.0 780.0 149.0 780.0 
1 5 0.79 0.79 931.0 23.0 931.0 987.0 5.0 987.0 812.0 399.0 812.0 780.0 149.0 780.0 421.0 33.0 421.0 
1 2 0.26 0.26 728.0 80.0 728.0 487.0 77.0 487.0 
1 3 0.47 0.47 728.0 80.0 728.0 487.0 77.0 487.0 342.0 71.0 342.0 
1 2 0.25 0.25 116.0 3.0 116.0 13.0 3.0 13.0 
1 2 0.66 0.66 872.0 41.0 872.0 426.0 264.0 426.0 
