1 2 0.75 0.75 755.0 242.0 755.0 829.0 357.0 829.0 
1 2 0.68 0.68 982.0 452.0 982.0 973.0 221.0 973.0 
1 2 0.82 0.82 967.0 330.0 967.0 980.0 472.0 980.0 
1 3 0.9 0.9 967.0 330.0 967.0 980.0 472.0 980.0 736.0 62.0 736.0 
1 2 0.94 0.94 488.0 320.0 488.0 83.0 24.0 83.0 
1 2 0.5 0.5 457.0 136.0 457.0 572.0 116.0 572.0 
1 3 0.53 0.53 457.0 136.0 457.0 572.0 116.0 572.0 82.0 3.0 82.0 
1 4 0.66 0.66 457.0 136.0 457.0 572.0 116.0 572.0 82.0 3.0 82.0 119.0 15.0 119.0 
1 2 0.66 0.66 24.0 10.0 24.0 891.0 220.0 891.0 
1 2 0.77 0.77 847.0 318.0 847.0 823.0 331.0 823.0 
1 2 0.92 0.92 576.0 527.0 576.0 852.0 10.0 852.0 
1 2 0.32 0.32 988.0 114.0 988.0 752.0 159.0 752.0 
1 2 0.92 0.92 803.0 582.0 803.0 388.0 78.0 388.0 
1 2 0.32 0.32 607.0 112.0 607.0 723.0 98.0 723.0 
1 3 0.38 0.38 607.0 112.0 607.0 723.0 98.0 723.0 812.0 56.0 812.0 
1 4 0.49 0.49 607.0 112.0 607.0 723.0 98.0 723.0 812.0 56.0 812.0 796.0 88.0 796.0 
1 5 0.65 0.65 607.0 112.0 607.0 723.0 98.0 723.0 812.0 56.0 812.0 796.0 88.0 796.0 648.0 101.0 648.0 
1 2 0.58 0.58 22.0 6.0 22.0 639.0 202.0 639.0 
1 3 0.7 0.7 22.0 6.0 22.0 639.0 202.0 639.0 828.0 93.0 828.0 
1 4 0.91 0.91 22.0 6.0 22.0 639.0 202.0 639.0 828.0 93.0 828.0 762.0 163.0 762.0 
1 2 0.19 0.19 474.0 55.0 474.0 162.0 13.0 162.0 
1 3 0.83 0.83 474.0 55.0 474.0 162.0 13.0 162.0 372.0 238.0 372.0 
1 2 0.39 0.39 585.0 118.0 585.0 98.0 19.0 98.0 
1 3 0.5 0.5 585.0 118.0 585.0 98.0 19.0 98.0 533.0 59.0 533.0 
1 2 0.53 0.53 91.0 19.0 91.0 176.0 58.0 176.0 
1 3 0.79 0.79 91.0 19.0 91.0 176.0 58.0 176.0 328.0 85.0 328.0 
1 2 0.85 0.85 201.0 83.0 201.0 884.0 394.0 884.0 
1 3 0.92 0.92 201.0 83.0 201.0 884.0 394.0 884.0 576.0 41.0 576.0 
1 2 0.8 0.8 923.0 361.0 923.0 642.0 267.0 642.0 
1 3 0.88 0.88 923.0 361.0 923.0 642.0 267.0 642.0 384.0 30.0 384.0 
1 4 0.92 0.92 923.0 361.0 923.0 642.0 267.0 642.0 384.0 30.0 384.0 342.0 13.0 342.0 
1 2 0.74 0.74 817.0 358.0 817.0 712.0 219.0 712.0 
1 3 0.89 0.89 817.0 358.0 817.0 712.0 219.0 712.0 565.0 83.0 565.0 
1 2 0.35 0.35 677.0 14.0 677.0 232.0 78.0 232.0 
1 3 0.59 0.59 677.0 14.0 677.0 232.0 78.0 232.0 879.0 207.0 879.0 
1 2 0.35 0.35 942.0 101.0 942.0 8.0 2.0 8.0 
1 3 0.64 0.64 942.0 101.0 942.0 8.0 2.0 8.0 611.0 178.0 611.0 
1 2 0.13 0.13 911.0 65.0 911.0 45.0 3.0 45.0 
1 3 0.97 0.97 911.0 65.0 911.0 45.0 3.0 45.0 725.0 605.0 725.0 
1 2 0.57 0.57 335.0 131.0 335.0 64.0 12.0 64.0 
1 2 0.31 0.31 569.0 5.0 569.0 956.0 295.0 956.0 
1 2 0.6 0.6 472.0 55.0 472.0 461.0 225.0 461.0 
1 3 0.69 0.69 472.0 55.0 472.0 461.0 225.0 461.0 683.0 65.0 683.0 
1 4 0.77 0.77 472.0 55.0 472.0 461.0 225.0 461.0 683.0 65.0 683.0 994.0 70.0 994.0 
1 5 0.87 0.87 472.0 55.0 472.0 461.0 225.0 461.0 683.0 65.0 683.0 994.0 70.0 994.0 459.0 48.0 459.0 
1 2 0.87 0.87 689.0 590.0 689.0 228.0 4.0 228.0 
1 2 0.7 0.7 816.0 240.0 816.0 852.0 353.0 852.0 
1 2 0.95 0.95 418.0 201.0 418.0 763.0 361.0 763.0 
1 2 0.11 0.11 263.0 6.0 263.0 219.0 21.0 219.0 
1 3 0.17 0.17 263.0 6.0 263.0 219.0 21.0 219.0 363.0 21.0 363.0 
1 2 0.51 0.51 190.0 19.0 190.0 706.0 290.0 706.0 
1 3 0.94 0.94 190.0 19.0 190.0 706.0 290.0 706.0 210.0 92.0 210.0 
1 2 0.9 0.9 215.0 102.0 215.0 522.0 226.0 522.0 
1 2 0.88 0.88 957.0 406.0 957.0 462.0 214.0 462.0 
1 2 0.78 0.78 122.0 54.0 122.0 869.0 301.0 869.0 
1 2 0.94 0.94 101.0 49.0 101.0 494.0 225.0 494.0 
1 3 0.98 0.98 101.0 49.0 101.0 494.0 225.0 494.0 570.0 23.0 570.0 
1 2 0.34 0.34 345.0 85.0 345.0 686.0 70.0 686.0 
1 3 0.5 0.5 345.0 85.0 345.0 686.0 70.0 686.0 795.0 123.0 795.0 
1 2 0.68 0.68 839.0 160.0 839.0 769.0 381.0 769.0 
1 2 0.33 0.33 343.0 71.0 343.0 510.0 67.0 510.0 
1 3 0.89 0.89 343.0 71.0 343.0 510.0 67.0 510.0 160.0 89.0 160.0 
1 2 0.55 0.55 825.0 184.0 825.0 135.0 45.0 135.0 
1 3 0.61 0.61 825.0 184.0 825.0 135.0 45.0 135.0 352.0 19.0 352.0 
1 2 0.7 0.7 939.0 421.0 939.0 75.0 19.0 75.0 
1 3 0.94 0.94 939.0 421.0 939.0 75.0 19.0 75.0 987.0 238.0 987.0 
1 2 0.55 0.55 468.0 113.0 468.0 800.0 247.0 800.0 
1 3 0.55 0.55 468.0 113.0 468.0 800.0 247.0 800.0 964.0 3.0 964.0 
1 4 0.97 0.97 468.0 113.0 468.0 800.0 247.0 800.0 964.0 3.0 964.0 530.0 223.0 530.0 
1 2 0.86 0.86 433.0 351.0 433.0 137.0 7.0 137.0 
1 2 0.87 0.87 684.0 168.0 684.0 57.0 36.0 57.0 
1 2 0.76 0.76 288.0 108.0 288.0 992.0 385.0 992.0 
1 2 0.65 0.65 969.0 187.0 969.0 518.0 240.0 518.0 
1 2 0.86 0.86 879.0 704.0 879.0 443.0 27.0 443.0 
1 2 0.64 0.64 615.0 53.0 615.0 812.0 454.0 812.0 
1 3 0.69 0.69 615.0 53.0 615.0 812.0 454.0 812.0 183.0 10.0 183.0 
1 2 0.93 0.93 42.0 23.0 42.0 647.0 249.0 647.0 
1 2 0.48 0.48 927.0 282.0 927.0 233.0 43.0 233.0 
1 3 0.59 0.59 927.0 282.0 927.0 233.0 43.0 233.0 907.0 95.0 907.0 
1 4 0.89 0.89 927.0 282.0 927.0 233.0 43.0 233.0 907.0 95.0 907.0 781.0 239.0 781.0 
1 2 0.63 0.63 801.0 207.0 801.0 712.0 271.0 712.0 
1 3 0.97 0.97 801.0 207.0 801.0 712.0 271.0 712.0 511.0 170.0 511.0 
1 2 0.79 0.79 534.0 42.0 534.0 615.0 440.0 615.0 
1 2 0.69 0.69 423.0 61.0 423.0 703.0 384.0 703.0 
1 3 0.81 0.81 423.0 61.0 423.0 703.0 384.0 703.0 95.0 12.0 95.0 
1 4 0.91 0.91 423.0 61.0 423.0 703.0 384.0 703.0 95.0 12.0 95.0 328.0 31.0 328.0 
1 2 0.64 0.64 948.0 172.0 948.0 296.0 138.0 296.0 
1 2 0.25 0.25 507.0 14.0 507.0 375.0 86.0 375.0 
1 3 0.59 0.59 507.0 14.0 507.0 375.0 86.0 375.0 362.0 122.0 362.0 
1 2 0.8 0.8 81.0 36.0 81.0 463.0 166.0 463.0 
1 2 0.38 0.38 569.0 150.0 569.0 380.0 47.0 380.0 
1 3 0.78 0.78 569.0 150.0 569.0 380.0 47.0 380.0 593.0 238.0 593.0 
1 2 0.94 0.94 794.0 143.0 794.0 109.0 83.0 109.0 
1 2 0.74 0.74 734.0 312.0 734.0 610.0 198.0 610.0 
1 2 0.32 0.32 883.0 166.0 883.0 635.0 85.0 635.0 
1 2 0.55 0.55 110.0 38.0 110.0 28.0 6.0 28.0 
1 3 0.86 0.86 110.0 38.0 110.0 28.0 6.0 28.0 193.0 58.0 193.0 
1 4 0.91 0.91 110.0 38.0 110.0 28.0 6.0 28.0 193.0 58.0 193.0 809.0 46.0 809.0 
1 2 0.34 0.34 405.0 12.0 405.0 147.0 46.0 147.0 
1 3 0.38 0.38 405.0 12.0 405.0 147.0 46.0 147.0 584.0 25.0 584.0 
1 2 0.33 0.33 963.0 219.0 963.0 214.0 23.0 214.0 
1 3 0.57 0.57 963.0 219.0 963.0 214.0 23.0 214.0 838.0 201.0 838.0 
1 4 0.78 0.78 963.0 219.0 963.0 214.0 23.0 214.0 838.0 201.0 838.0 720.0 148.0 720.0 
1 2 0.63 0.63 292.0 92.0 292.0 310.0 100.0 310.0 
1 2 0.81 0.81 654.0 273.0 654.0 982.0 390.0 982.0 
1 2 0.19 0.19 850.0 123.0 850.0 272.0 14.0 272.0 
1 3 0.23 0.23 850.0 123.0 850.0 272.0 14.0 272.0 418.0 15.0 418.0 
1 4 0.67 0.67 850.0 123.0 850.0 272.0 14.0 272.0 418.0 15.0 418.0 515.0 226.0 515.0 
1 2 0.22 0.22 971.0 39.0 971.0 956.0 175.0 956.0 
1 3 0.23 0.23 971.0 39.0 971.0 956.0 175.0 956.0 742.0 6.0 742.0 
1 4 0.95 0.95 971.0 39.0 971.0 956.0 175.0 956.0 742.0 6.0 742.0 687.0 496.0 687.0 
1 2 0.41 0.41 445.0 38.0 445.0 650.0 211.0 650.0 
1 2 0.5 0.5 42.0 7.0 42.0 48.0 16.0 48.0 
1 3 0.76 0.76 42.0 7.0 42.0 48.0 16.0 48.0 185.0 49.0 185.0 
1 2 0.14 0.14 181.0 22.0 181.0 266.0 5.0 266.0 
1 3 0.49 0.49 181.0 22.0 181.0 266.0 5.0 266.0 806.0 284.0 806.0 
1 2 0.44 0.44 771.0 105.0 771.0 680.0 213.0 680.0 
1 3 0.74 0.74 771.0 105.0 771.0 680.0 213.0 680.0 164.0 48.0 164.0 
1 2 0.93 0.93 75.0 11.0 75.0 674.0 530.0 674.0 
1 2 0.68 0.68 464.0 93.0 464.0 587.0 283.0 587.0 
1 3 0.8 0.8 464.0 93.0 464.0 587.0 283.0 587.0 335.0 41.0 335.0 
1 2 0.36 0.36 376.0 121.0 376.0 142.0 6.0 142.0 
1 3 0.68 0.68 376.0 121.0 376.0 142.0 6.0 142.0 60.0 19.0 60.0 
1 4 0.69 0.69 376.0 121.0 376.0 142.0 6.0 142.0 60.0 19.0 60.0 670.0 10.0 670.0 
1 5 0.84 0.84 376.0 121.0 376.0 142.0 6.0 142.0 60.0 19.0 60.0 670.0 10.0 670.0 232.0 35.0 232.0 
1 2 0.6 0.6 324.0 81.0 324.0 819.0 290.0 819.0 
1 3 0.85 0.85 324.0 81.0 324.0 819.0 290.0 819.0 824.0 208.0 824.0 
1 2 0.92 0.92 540.0 264.0 540.0 364.0 157.0 364.0 
1 2 0.22 0.22 757.0 72.0 757.0 654.0 85.0 654.0 
1 3 0.38 0.38 757.0 72.0 757.0 654.0 85.0 654.0 905.0 143.0 905.0 
1 4 0.61 0.61 757.0 72.0 757.0 654.0 85.0 654.0 905.0 143.0 905.0 967.0 229.0 967.0 
1 2 0.84 0.84 379.0 69.0 379.0 900.0 596.0 900.0 
1 2 0.23 0.23 123.0 10.0 123.0 125.0 19.0 125.0 
1 3 0.74 0.74 123.0 10.0 123.0 125.0 19.0 125.0 962.0 496.0 962.0 
1 2 0.79 0.79 863.0 278.0 863.0 854.0 404.0 854.0 
1 2 0.29 0.29 539.0 74.0 539.0 584.0 95.0 584.0 
1 2 0.73 0.73 342.0 94.0 342.0 704.0 321.0 704.0 
1 2 0.56 0.56 949.0 238.0 949.0 106.0 33.0 106.0 
1 2 0.52 0.52 345.0 58.0 345.0 345.0 124.0 345.0 
1 3 0.61 0.61 345.0 58.0 345.0 345.0 124.0 345.0 690.0 60.0 690.0 
1 4 0.84 0.84 345.0 58.0 345.0 345.0 124.0 345.0 690.0 60.0 690.0 73.0 17.0 73.0 
1 2 0.64 0.64 880.0 147.0 880.0 1000.0 480.0 1000.0 
1 2 0.4 0.4 144.0 21.0 144.0 106.0 28.0 106.0 
1 3 0.66 0.66 144.0 21.0 144.0 106.0 28.0 106.0 843.0 212.0 843.0 
1 4 0.78 0.78 144.0 21.0 144.0 106.0 28.0 106.0 843.0 212.0 843.0 630.0 78.0 630.0 
1 2 0.86 0.86 202.0 143.0 202.0 793.0 124.0 793.0 
1 2 0.54 0.54 496.0 61.0 496.0 408.0 173.0 408.0 
1 3 0.97 0.97 496.0 61.0 496.0 408.0 173.0 408.0 118.0 51.0 118.0 
1 2 0.68 0.68 80.0 29.0 80.0 382.0 122.0 382.0 
1 2 0.69 0.69 169.0 8.0 169.0 79.0 51.0 79.0 
1 3 0.75 0.75 169.0 8.0 169.0 79.0 51.0 79.0 895.0 57.0 895.0 
1 4 0.84 0.84 169.0 8.0 169.0 79.0 51.0 79.0 895.0 57.0 895.0 603.0 55.0 603.0 
1 2 0.8 0.8 505.0 402.0 505.0 982.0 13.0 982.0 
1 2 0.46 0.46 646.0 30.0 646.0 854.0 358.0 854.0 
1 3 0.9 0.9 646.0 30.0 646.0 854.0 358.0 854.0 146.0 64.0 146.0 
1 2 0.68 0.68 575.0 286.0 575.0 972.0 183.0 972.0 
1 3 0.69 0.69 575.0 286.0 575.0 972.0 183.0 972.0 658.0 6.0 658.0 
1 4 0.8 0.8 575.0 286.0 575.0 972.0 183.0 972.0 658.0 6.0 658.0 418.0 47.0 418.0 
1 2 0.79 0.79 903.0 556.0 903.0 351.0 62.0 351.0 
1 2 0.89 0.89 918.0 577.0 918.0 38.0 10.0 38.0 
1 2 0.35 0.35 993.0 153.0 993.0 449.0 88.0 449.0 
1 3 0.47 0.47 993.0 153.0 993.0 449.0 88.0 449.0 86.0 11.0 86.0 
1 4 0.55 0.55 993.0 153.0 993.0 449.0 88.0 449.0 86.0 11.0 86.0 832.0 60.0 832.0 
1 5 0.86 0.86 993.0 153.0 993.0 449.0 88.0 449.0 86.0 11.0 86.0 832.0 60.0 832.0 815.0 259.0 815.0 
1 2 0.9 0.9 633.0 118.0 633.0 881.0 636.0 881.0 
1 2 0.59 0.59 432.0 64.0 432.0 846.0 374.0 846.0 
1 3 0.87 0.87 432.0 64.0 432.0 846.0 374.0 846.0 297.0 84.0 297.0 
1 2 0.84 0.84 899.0 563.0 899.0 658.0 141.0 658.0 
1 2 0.38 0.38 206.0 28.0 206.0 141.0 35.0 141.0 
1 3 0.59 0.59 206.0 28.0 206.0 141.0 35.0 141.0 28.0 6.0 28.0 
1 4 0.92 0.92 206.0 28.0 206.0 141.0 35.0 141.0 28.0 6.0 28.0 215.0 71.0 215.0 
1 2 0.87 0.87 849.0 336.0 849.0 868.0 413.0 868.0 
1 3 0.88 0.88 849.0 336.0 849.0 868.0 413.0 868.0 373.0 5.0 373.0 
1 2 0.47 0.47 842.0 349.0 842.0 304.0 18.0 304.0 
1 3 0.56 0.56 842.0 349.0 842.0 304.0 18.0 304.0 638.0 59.0 638.0 
1 2 0.31 0.31 700.0 23.0 700.0 95.0 27.0 95.0 
1 2 0.86 0.86 756.0 253.0 756.0 109.0 58.0 109.0 
1 2 0.22 0.22 990.0 54.0 990.0 860.0 147.0 860.0 
1 3 0.71 0.71 990.0 54.0 990.0 860.0 147.0 860.0 355.0 174.0 355.0 
1 2 0.4 0.4 900.0 116.0 900.0 203.0 57.0 203.0 
1 3 0.71 0.71 900.0 116.0 900.0 203.0 57.0 203.0 496.0 153.0 496.0 
1 2 0.92 0.92 678.0 120.0 678.0 228.0 171.0 228.0 
1 2 0.72 0.72 745.0 167.0 745.0 84.0 42.0 84.0 
1 3 0.76 0.76 745.0 167.0 745.0 84.0 42.0 84.0 786.0 36.0 786.0 
1 2 0.91 0.91 761.0 7.0 761.0 641.0 581.0 641.0 
1 2 0.75 0.75 80.0 42.0 80.0 716.0 168.0 716.0 
1 2 0.93 0.93 958.0 734.0 958.0 519.0 88.0 519.0 
1 2 0.67 0.67 943.0 618.0 943.0 67.0 1.0 67.0 
1 2 0.08 0.08 591.0 17.0 591.0 463.0 28.0 463.0 
1 3 0.24 0.24 591.0 17.0 591.0 463.0 28.0 463.0 363.0 56.0 363.0 
1 2 0.1 0.1 886.0 55.0 886.0 369.0 14.0 369.0 
1 3 0.53 0.53 886.0 55.0 886.0 369.0 14.0 369.0 355.0 153.0 355.0 
1 4 0.75 0.75 886.0 55.0 886.0 369.0 14.0 369.0 355.0 153.0 355.0 158.0 35.0 158.0 
1 5 0.75 0.75 886.0 55.0 886.0 369.0 14.0 369.0 355.0 153.0 355.0 158.0 35.0 158.0 569.0 4.0 569.0 
1 6 0.93 0.93 886.0 55.0 886.0 369.0 14.0 369.0 355.0 153.0 355.0 158.0 35.0 158.0 569.0 4.0 569.0 226.0 40.0 226.0 
1 2 0.03 0.03 600.0 3.0 600.0 29.0 1.0 29.0 
1 3 0.13 0.13 600.0 3.0 600.0 29.0 1.0 29.0 727.0 66.0 727.0 
1 4 0.39 0.39 600.0 3.0 600.0 29.0 1.0 29.0 727.0 66.0 727.0 814.0 218.0 814.0 
1 5 0.75 0.75 600.0 3.0 600.0 29.0 1.0 29.0 727.0 66.0 727.0 814.0 218.0 814.0 991.0 358.0 991.0 
1 6 0.97 0.97 600.0 3.0 600.0 29.0 1.0 29.0 727.0 66.0 727.0 814.0 218.0 814.0 991.0 358.0 991.0 416.0 91.0 416.0 
1 2 0.53 0.53 121.0 24.0 121.0 6.0 2.0 6.0 
1 3 0.56 0.56 121.0 24.0 121.0 6.0 2.0 6.0 690.0 21.0 690.0 
1 4 0.99 0.99 121.0 24.0 121.0 6.0 2.0 6.0 690.0 21.0 690.0 306.0 133.0 306.0 
1 2 0.65 0.65 637.0 182.0 637.0 151.0 56.0 151.0 
1 3 0.96 0.96 637.0 182.0 637.0 151.0 56.0 151.0 851.0 260.0 851.0 
1 4 0.97 0.97 637.0 182.0 637.0 151.0 56.0 151.0 851.0 260.0 851.0 475.0 4.0 475.0 
1 2 0.77 0.77 339.0 216.0 339.0 961.0 132.0 961.0 
1 2 0.96 0.96 846.0 444.0 846.0 999.0 442.0 999.0 
1 2 0.25 0.25 717.0 98.0 717.0 911.0 108.0 911.0 
1 3 0.26 0.26 717.0 98.0 717.0 911.0 108.0 911.0 483.0 7.0 483.0 
1 4 0.45 0.45 717.0 98.0 717.0 911.0 108.0 911.0 483.0 7.0 483.0 388.0 72.0 388.0 
1 5 0.75 0.75 717.0 98.0 717.0 911.0 108.0 911.0 483.0 7.0 483.0 388.0 72.0 388.0 467.0 142.0 467.0 
1 2 0.15 0.15 865.0 61.0 865.0 182.0 15.0 182.0 
1 3 0.91 0.91 865.0 61.0 865.0 182.0 15.0 182.0 233.0 177.0 233.0 
1 2 0.81 0.81 144.0 52.0 144.0 689.0 311.0 689.0 
1 2 0.82 0.82 401.0 270.0 401.0 46.0 7.0 46.0 
1 2 0.5 0.5 279.0 68.0 279.0 776.0 202.0 776.0 
1 2 0.46 0.46 844.0 86.0 844.0 572.0 207.0 572.0 
1 3 0.74 0.74 844.0 86.0 844.0 572.0 207.0 572.0 673.0 187.0 673.0 
1 2 0.22 0.22 531.0 10.0 531.0 448.0 94.0 448.0 
1 3 0.95 0.95 531.0 10.0 531.0 448.0 94.0 448.0 774.0 565.0 774.0 
1 4 0.98 0.98 531.0 10.0 531.0 448.0 94.0 448.0 774.0 565.0 774.0 34.0 1.0 34.0 
1 2 0.71 0.71 657.0 300.0 657.0 558.0 146.0 558.0 
1 3 0.74 0.74 657.0 300.0 657.0 558.0 146.0 558.0 629.0 15.0 629.0 
1 4 0.97 0.97 657.0 300.0 657.0 558.0 146.0 558.0 629.0 15.0 629.0 175.0 41.0 175.0 
1 2 0.54 0.54 256.0 116.0 256.0 136.0 12.0 136.0 
1 3 0.62 0.62 256.0 116.0 256.0 136.0 12.0 136.0 871.0 69.0 871.0 
1 2 0.46 0.46 883.0 306.0 883.0 390.0 48.0 390.0 
1 2 0.81 0.81 79.0 60.0 79.0 985.0 51.0 985.0 
1 2 0.33 0.33 966.0 32.0 966.0 686.0 207.0 686.0 
1 3 0.75 0.75 966.0 32.0 966.0 686.0 207.0 686.0 65.0 27.0 65.0 
1 2 0.16 0.16 902.0 144.0 902.0 474.0 4.0 474.0 
1 3 0.24 0.24 902.0 144.0 902.0 474.0 4.0 474.0 880.0 65.0 880.0 
1 2 0.53 0.53 280.0 109.0 280.0 634.0 90.0 634.0 
1 3 0.76 0.76 280.0 109.0 280.0 634.0 90.0 634.0 87.0 20.0 87.0 
1 2 0.68 0.68 773.0 43.0 773.0 300.0 190.0 300.0 
1 2 0.89 0.89 254.0 187.0 254.0 517.0 80.0 517.0 
1 2 0.88 0.88 957.0 213.0 957.0 21.0 14.0 21.0 
1 3 0.93 0.93 957.0 213.0 957.0 21.0 14.0 21.0 375.0 16.0 375.0 
1 2 0.63 0.63 773.0 344.0 773.0 194.0 36.0 194.0 
1 2 0.91 0.91 876.0 605.0 876.0 204.0 46.0 204.0 
1 2 0.5 0.5 879.0 434.0 879.0 946.0 12.0 946.0 
1 2 0.12 0.12 50.0 2.0 50.0 587.0 52.0 587.0 
1 3 0.5 0.5 50.0 2.0 50.0 587.0 52.0 587.0 656.0 246.0 656.0 
1 2 0.26 0.26 260.0 21.0 260.0 537.0 98.0 537.0 
1 3 0.54 0.54 260.0 21.0 260.0 537.0 98.0 537.0 848.0 240.0 848.0 
1 4 0.7 0.7 260.0 21.0 260.0 537.0 98.0 537.0 848.0 240.0 848.0 802.0 127.0 802.0 
1 2 0.56 0.56 919.0 231.0 919.0 220.0 68.0 220.0 
1 3 0.74 0.74 919.0 231.0 919.0 220.0 68.0 220.0 433.0 82.0 433.0 
1 4 0.91 0.91 919.0 231.0 919.0 220.0 68.0 220.0 433.0 82.0 433.0 879.0 145.0 879.0 
1 5 0.98 0.98 919.0 231.0 919.0 220.0 68.0 220.0 433.0 82.0 433.0 879.0 145.0 879.0 953.0 70.0 953.0 
1 2 0.6 0.6 5.0 2.0 5.0 821.0 166.0 821.0 
1 3 0.63 0.63 5.0 2.0 5.0 821.0 166.0 821.0 122.0 4.0 122.0 
1 4 0.73 0.73 5.0 2.0 5.0 821.0 166.0 821.0 122.0 4.0 122.0 616.0 59.0 616.0 
1 2 0.87 0.87 491.0 60.0 491.0 322.0 241.0 322.0 
1 2 0.49 0.49 177.0 42.0 177.0 613.0 156.0 613.0 
1 2 0.95 0.95 550.0 402.0 550.0 887.0 196.0 887.0 
1 2 0.81 0.81 746.0 488.0 746.0 284.0 45.0 284.0 
1 3 0.93 0.93 746.0 488.0 746.0 284.0 45.0 284.0 836.0 104.0 836.0 
1 2 0.35 0.35 307.0 27.0 307.0 398.0 107.0 398.0 
1 2 0.58 0.58 549.0 134.0 549.0 520.0 179.0 520.0 
1 3 0.85 0.85 549.0 134.0 549.0 520.0 179.0 520.0 933.0 252.0 933.0 
1 2 0.91 0.91 774.0 643.0 774.0 645.0 55.0 645.0 
1 2 0.63 0.63 285.0 59.0 285.0 806.0 341.0 806.0 
1 3 0.9 0.9 285.0 59.0 285.0 806.0 341.0 806.0 343.0 96.0 343.0 
1 2 0.38 0.38 25.0 4.0 25.0 539.0 119.0 539.0 
1 3 0.84 0.84 25.0 4.0 25.0 539.0 119.0 539.0 387.0 181.0 387.0 
1 2 0.44 0.44 498.0 173.0 498.0 297.0 28.0 297.0 
1 3 0.94 0.94 498.0 173.0 498.0 297.0 28.0 297.0 427.0 216.0 427.0 
1 2 0.74 0.74 363.0 179.0 363.0 84.0 21.0 84.0 
1 3 0.86 0.86 363.0 179.0 363.0 84.0 21.0 84.0 8.0 1.0 8.0 
1 2 0.32 0.32 195.0 1.0 195.0 845.0 271.0 845.0 
1 3 0.44 0.44 195.0 1.0 195.0 845.0 271.0 845.0 43.0 5.0 43.0 
1 2 0.63 0.63 168.0 59.0 168.0 474.0 134.0 474.0 
1 3 0.76 0.76 168.0 59.0 168.0 474.0 134.0 474.0 804.0 103.0 804.0 
1 4 0.89 0.89 168.0 59.0 168.0 474.0 134.0 474.0 804.0 103.0 804.0 139.0 19.0 139.0 
1 5 0.93 0.93 168.0 59.0 168.0 474.0 134.0 474.0 804.0 103.0 804.0 139.0 19.0 139.0 598.0 23.0 598.0 
1 2 0.55 0.55 822.0 350.0 822.0 70.0 9.0 70.0 
1 3 0.78 0.78 822.0 350.0 822.0 70.0 9.0 70.0 809.0 185.0 809.0 
1 2 0.59 0.59 129.0 69.0 129.0 205.0 12.0 205.0 
1 3 0.74 0.74 129.0 69.0 129.0 205.0 12.0 205.0 987.0 149.0 987.0 
1 2 0.62 0.62 188.0 40.0 188.0 401.0 164.0 401.0 
1 3 0.97 0.97 188.0 40.0 188.0 401.0 164.0 401.0 775.0 271.0 775.0 
1 2 0.73 0.73 114.0 43.0 114.0 501.0 179.0 501.0 
1 3 0.8 0.8 114.0 43.0 114.0 501.0 179.0 501.0 563.0 42.0 563.0 
1 4 0.99 0.99 114.0 43.0 114.0 501.0 179.0 501.0 563.0 42.0 563.0 302.0 55.0 302.0 
1 2 0.57 0.57 585.0 66.0 585.0 980.0 454.0 980.0 
1 2 0.92 0.92 328.0 203.0 328.0 331.0 101.0 331.0 
1 2 0.48 0.48 79.0 35.0 79.0 511.0 22.0 511.0 
1 3 0.67 0.67 79.0 35.0 79.0 511.0 22.0 511.0 358.0 68.0 358.0 
1 4 0.69 0.69 79.0 35.0 79.0 511.0 22.0 511.0 358.0 68.0 358.0 84.0 2.0 84.0 
1 2 0.59 0.59 296.0 135.0 296.0 151.0 21.0 151.0 
1 2 0.97 0.97 693.0 436.0 693.0 711.0 244.0 711.0 
1 2 0.27 0.27 735.0 152.0 735.0 1000.0 67.0 1000.0 
1 3 0.73 0.73 735.0 152.0 735.0 1000.0 67.0 1000.0 108.0 50.0 108.0 
1 2 0.63 0.63 795.0 32.0 795.0 763.0 453.0 763.0 
1 2 0.12 0.12 259.0 1.0 259.0 289.0 36.0 289.0 
1 3 0.58 0.58 259.0 1.0 259.0 289.0 36.0 289.0 59.0 27.0 59.0 
1 4 0.97 0.97 259.0 1.0 259.0 289.0 36.0 289.0 59.0 27.0 59.0 133.0 52.0 133.0 
1 2 0.73 0.73 505.0 236.0 505.0 841.0 225.0 841.0 
1 3 0.96 0.96 505.0 236.0 505.0 841.0 225.0 841.0 662.0 154.0 662.0 
1 2 0.31 0.31 688.0 128.0 688.0 150.0 19.0 150.0 
1 2 0.3 0.3 811.0 121.0 811.0 66.0 10.0 66.0 
1 3 0.84 0.84 811.0 121.0 811.0 66.0 10.0 66.0 496.0 268.0 496.0 
1 4 0.94 0.94 811.0 121.0 811.0 66.0 10.0 66.0 496.0 268.0 496.0 343.0 35.0 343.0 
1 2 0.41 0.41 551.0 118.0 551.0 795.0 163.0 795.0 
1 3 0.86 0.86 551.0 118.0 551.0 795.0 163.0 795.0 513.0 231.0 513.0 
1 4 0.87 0.87 551.0 118.0 551.0 795.0 163.0 795.0 513.0 231.0 513.0 381.0 4.0 381.0 
1 2 0.4 0.4 271.0 39.0 271.0 933.0 239.0 933.0 
1 3 0.64 0.64 271.0 39.0 271.0 933.0 239.0 933.0 244.0 60.0 244.0 
1 2 0.81 0.81 111.0 85.0 111.0 743.0 33.0 743.0 
1 3 0.95 0.95 111.0 85.0 111.0 743.0 33.0 743.0 986.0 139.0 986.0 
1 2 0.9 0.9 628.0 505.0 628.0 627.0 66.0 627.0 
1 2 0.76 0.76 232.0 91.0 232.0 512.0 189.0 512.0 
1 2 0.54 0.54 124.0 41.0 124.0 119.0 26.0 119.0 
1 3 0.71 0.71 124.0 41.0 124.0 119.0 26.0 119.0 575.0 94.0 575.0 
1 4 0.77 0.77 124.0 41.0 124.0 119.0 26.0 119.0 575.0 94.0 575.0 253.0 16.0 253.0 
1 2 0.49 0.49 566.0 213.0 566.0 615.0 73.0 615.0 
1 3 0.99 0.99 566.0 213.0 566.0 615.0 73.0 615.0 624.0 312.0 624.0 
1 2 0.56 0.56 763.0 349.0 763.0 18.0 2.0 18.0 
1 3 0.77 0.77 763.0 349.0 763.0 18.0 2.0 18.0 64.0 13.0 64.0 
1 2 0.49 0.49 739.0 328.0 739.0 256.0 12.0 256.0 
1 2 0.46 0.46 444.0 45.0 444.0 853.0 310.0 853.0 
1 2 0.99 0.99 394.0 214.0 394.0 683.0 312.0 683.0 
1 2 0.95 0.95 661.0 613.0 661.0 755.0 24.0 755.0 
1 2 0.67 0.67 982.0 86.0 982.0 135.0 79.0 135.0 
1 2 0.26 0.26 939.0 20.0 939.0 113.0 28.0 113.0 
1 3 0.28 0.28 939.0 20.0 939.0 113.0 28.0 113.0 677.0 14.0 677.0 
1 4 0.79 0.79 939.0 20.0 939.0 113.0 28.0 113.0 677.0 14.0 677.0 337.0 170.0 337.0 
1 2 0.08 0.08 844.0 5.0 844.0 928.0 72.0 928.0 
1 3 0.77 0.77 844.0 5.0 844.0 928.0 72.0 928.0 923.0 640.0 923.0 
1 2 0.12 0.12 570.0 20.0 570.0 306.0 29.0 306.0 
1 3 0.5 0.5 570.0 20.0 570.0 306.0 29.0 306.0 430.0 162.0 430.0 
1 4 0.59 0.59 570.0 20.0 570.0 306.0 29.0 306.0 430.0 162.0 430.0 874.0 74.0 874.0 
1 5 0.88 0.88 570.0 20.0 570.0 306.0 29.0 306.0 430.0 162.0 430.0 874.0 74.0 874.0 549.0 160.0 549.0 
1 2 0.58 0.58 699.0 150.0 699.0 658.0 241.0 658.0 
1 2 0.53 0.53 863.0 83.0 863.0 210.0 93.0 210.0 
1 2 0.47 0.47 318.0 80.0 318.0 659.0 147.0 659.0 
1 3 0.97 0.97 318.0 80.0 318.0 659.0 147.0 659.0 351.0 175.0 351.0 
1 2 0.44 0.44 145.0 26.0 145.0 213.0 56.0 213.0 
1 3 0.78 0.78 145.0 26.0 145.0 213.0 56.0 213.0 197.0 68.0 197.0 
1 2 0.59 0.59 481.0 227.0 481.0 84.0 10.0 84.0 
1 2 0.43 0.43 870.0 238.0 870.0 868.0 142.0 868.0 
1 2 0.79 0.79 835.0 209.0 835.0 775.0 424.0 775.0 
1 2 0.95 0.95 107.0 28.0 107.0 121.0 84.0 121.0 
1 2 0.65 0.65 975.0 218.0 975.0 770.0 329.0 770.0 
1 3 0.77 0.77 975.0 218.0 975.0 770.0 329.0 770.0 899.0 113.0 899.0 
1 2 0.91 0.91 735.0 121.0 735.0 688.0 514.0 688.0 
1 3 0.93 0.93 735.0 121.0 735.0 688.0 514.0 688.0 468.0 13.0 468.0 
1 2 0.33 0.33 120.0 16.0 120.0 738.0 146.0 738.0 
1 3 0.59 0.59 120.0 16.0 120.0 738.0 146.0 738.0 69.0 18.0 69.0 
1 2 0.06 0.06 484.0 9.0 484.0 871.0 41.0 871.0 
1 3 0.62 0.62 484.0 9.0 484.0 871.0 41.0 871.0 117.0 65.0 117.0 
1 4 0.94 0.94 484.0 9.0 484.0 871.0 41.0 871.0 117.0 65.0 117.0 417.0 134.0 417.0 
1 2 0.6 0.6 296.0 61.0 296.0 256.0 102.0 256.0 
1 3 0.74 0.74 296.0 61.0 296.0 256.0 102.0 256.0 567.0 79.0 567.0 
1 2 0.4 0.4 356.0 82.0 356.0 414.0 72.0 414.0 
1 3 0.69 0.69 356.0 82.0 356.0 414.0 72.0 414.0 645.0 186.0 645.0 
1 4 0.88 0.88 356.0 82.0 356.0 414.0 72.0 414.0 645.0 186.0 645.0 998.0 195.0 998.0 
1 5 0.96 0.96 356.0 82.0 356.0 414.0 72.0 414.0 645.0 186.0 645.0 998.0 195.0 998.0 147.0 12.0 147.0 
1 2 0.83 0.83 578.0 147.0 578.0 691.0 402.0 691.0 
1 2 0.6 0.6 373.0 95.0 373.0 816.0 283.0 816.0 
1 3 0.79 0.79 373.0 95.0 373.0 816.0 283.0 816.0 401.0 79.0 401.0 
1 2 0.46 0.46 94.0 36.0 94.0 77.0 6.0 77.0 
1 2 0.45 0.45 164.0 20.0 164.0 85.0 28.0 85.0 
1 3 0.54 0.54 164.0 20.0 164.0 85.0 28.0 85.0 88.0 8.0 88.0 
1 2 0.77 0.77 224.0 4.0 224.0 751.0 569.0 751.0 
1 2 0.52 0.52 13.0 4.0 13.0 668.0 144.0 668.0 
1 3 0.77 0.77 13.0 4.0 13.0 668.0 144.0 668.0 578.0 143.0 578.0 
1 2 0.72 0.72 440.0 294.0 440.0 538.0 33.0 538.0 
1 2 0.78 0.78 751.0 41.0 751.0 276.0 202.0 276.0 
1 2 0.25 0.25 937.0 110.0 937.0 987.0 136.0 987.0 
1 3 0.39 0.39 937.0 110.0 937.0 987.0 136.0 987.0 434.0 61.0 434.0 
1 4 0.92 0.92 937.0 110.0 937.0 987.0 136.0 987.0 434.0 61.0 434.0 110.0 58.0 110.0 
1 2 0.56 0.56 474.0 195.0 474.0 87.0 13.0 87.0 
1 3 0.86 0.86 474.0 195.0 474.0 87.0 13.0 87.0 390.0 120.0 390.0 
1 2 0.81 0.81 31.0 2.0 31.0 959.0 723.0 959.0 
1 2 0.92 0.92 496.0 415.0 496.0 601.0 56.0 601.0 
1 2 0.39 0.39 956.0 209.0 956.0 663.0 118.0 663.0 
1 3 0.51 0.51 956.0 209.0 956.0 663.0 118.0 663.0 856.0 101.0 856.0 
1 4 0.53 0.53 956.0 209.0 956.0 663.0 118.0 663.0 856.0 101.0 856.0 453.0 10.0 453.0 
1 5 0.61 0.61 956.0 209.0 956.0 663.0 118.0 663.0 856.0 101.0 856.0 453.0 10.0 453.0 290.0 24.0 290.0 
1 6 0.73 0.73 956.0 209.0 956.0 663.0 118.0 663.0 856.0 101.0 856.0 453.0 10.0 453.0 290.0 24.0 290.0 923.0 110.0 923.0 
1 2 0.15 0.15 306.0 5.0 306.0 131.0 18.0 131.0 
1 3 0.38 0.38 306.0 5.0 306.0 131.0 18.0 131.0 416.0 97.0 416.0 
1 4 0.68 0.68 306.0 5.0 306.0 131.0 18.0 131.0 416.0 97.0 416.0 510.0 153.0 510.0 
1 5 0.83 0.83 306.0 5.0 306.0 131.0 18.0 131.0 416.0 97.0 416.0 510.0 153.0 510.0 774.0 118.0 774.0 
1 2 0.94 0.94 960.0 396.0 960.0 432.0 228.0 432.0 
1 2 0.92 0.92 702.0 486.0 702.0 642.0 149.0 642.0 
1 2 0.54 0.54 386.0 81.0 386.0 240.0 80.0 240.0 
1 2 0.86 0.86 699.0 243.0 699.0 560.0 292.0 560.0 
1 2 0.56 0.56 981.0 441.0 981.0 177.0 21.0 177.0 
1 2 0.66 0.66 663.0 145.0 663.0 628.0 279.0 628.0 
1 2 0.42 0.42 219.0 50.0 219.0 88.0 17.0 88.0 
1 2 0.25 0.25 96.0 12.0 96.0 354.0 47.0 354.0 
1 3 0.31 0.31 96.0 12.0 96.0 354.0 47.0 354.0 17.0 1.0 17.0 
1 4 0.67 0.67 96.0 12.0 96.0 354.0 47.0 354.0 17.0 1.0 17.0 154.0 55.0 154.0 
1 2 0.8 0.8 516.0 227.0 516.0 705.0 254.0 705.0 
1 2 0.29 0.29 867.0 231.0 867.0 883.0 23.0 883.0 
1 3 0.68 0.68 867.0 231.0 867.0 883.0 23.0 883.0 176.0 69.0 176.0 
1 2 0.98 0.98 741.0 7.0 741.0 43.0 42.0 43.0 
1 2 0.69 0.69 493.0 236.0 493.0 137.0 29.0 137.0 
1 3 0.97 0.97 493.0 236.0 493.0 137.0 29.0 137.0 744.0 211.0 744.0 
1 2 0.32 0.32 48.0 15.0 48.0 706.0 7.0 706.0 
1 3 0.37 0.37 48.0 15.0 48.0 706.0 7.0 706.0 643.0 36.0 643.0 
1 4 0.81 0.81 48.0 15.0 48.0 706.0 7.0 706.0 643.0 36.0 643.0 986.0 433.0 986.0 
1 2 0.8 0.8 819.0 214.0 819.0 115.0 63.0 115.0 
1 2 0.68 0.68 757.0 276.0 757.0 912.0 295.0 912.0 
1 3 0.79 0.79 757.0 276.0 757.0 912.0 295.0 912.0 696.0 72.0 696.0 
1 2 0.06 0.06 515.0 22.0 515.0 482.0 13.0 482.0 
1 3 0.48 0.48 515.0 22.0 515.0 482.0 13.0 482.0 955.0 398.0 955.0 
1 4 0.79 0.79 515.0 22.0 515.0 482.0 13.0 482.0 955.0 398.0 955.0 496.0 151.0 496.0 
1 2 0.8 0.8 908.0 560.0 908.0 813.0 155.0 813.0 
1 2 0.51 0.51 724.0 20.0 724.0 420.0 204.0 420.0 
1 3 0.8 0.8 724.0 20.0 724.0 420.0 204.0 420.0 1000.0 290.0 1000.0 
1 4 0.99 0.99 724.0 20.0 724.0 420.0 204.0 420.0 1000.0 290.0 1000.0 601.0 117.0 601.0 
1 2 0.81 0.81 404.0 132.0 404.0 816.0 399.0 816.0 
1 2 0.52 0.52 800.0 204.0 800.0 354.0 97.0 354.0 
1 3 0.9 0.9 800.0 204.0 800.0 354.0 97.0 354.0 457.0 171.0 457.0 
1 2 0.59 0.59 257.0 25.0 257.0 747.0 369.0 747.0 
1 3 0.77 0.77 257.0 25.0 257.0 747.0 369.0 747.0 48.0 9.0 48.0 
1 2 0.63 0.63 63.0 3.0 63.0 318.0 187.0 318.0 
1 2 0.94 0.94 195.0 27.0 195.0 938.0 752.0 938.0 
1 2 0.27 0.27 321.0 77.0 321.0 337.0 12.0 337.0 
1 3 0.93 0.93 321.0 77.0 321.0 337.0 12.0 337.0 642.0 421.0 642.0 
1 2 0.29 0.29 600.0 63.0 600.0 863.0 162.0 863.0 
1 3 0.46 0.46 600.0 63.0 600.0 863.0 162.0 863.0 219.0 38.0 219.0 
1 4 0.53 0.53 600.0 63.0 600.0 863.0 162.0 863.0 219.0 38.0 219.0 598.0 42.0 598.0 
1 2 0.78 0.78 253.0 85.0 253.0 119.0 53.0 119.0 
1 2 0.69 0.69 132.0 38.0 132.0 839.0 342.0 839.0 
1 2 0.97 0.97 782.0 684.0 782.0 389.0 39.0 389.0 
1 2 0.44 0.44 760.0 275.0 760.0 832.0 66.0 832.0 
1 3 0.45 0.45 760.0 275.0 760.0 832.0 66.0 832.0 145.0 2.0 145.0 
1 4 0.88 0.88 760.0 275.0 760.0 832.0 66.0 832.0 145.0 2.0 145.0 808.0 348.0 808.0 
1 2 0.93 0.93 995.0 567.0 995.0 648.0 238.0 648.0 
1 2 0.82 0.82 660.0 443.0 660.0 928.0 147.0 928.0 
1 2 0.88 0.88 453.0 41.0 453.0 801.0 639.0 801.0 
1 3 0.95 0.95 453.0 41.0 453.0 801.0 639.0 801.0 714.0 45.0 714.0 
1 4 0.96 0.96 453.0 41.0 453.0 801.0 639.0 801.0 714.0 45.0 714.0 939.0 13.0 939.0 
1 5 0.98 0.98 453.0 41.0 453.0 801.0 639.0 801.0 714.0 45.0 714.0 939.0 13.0 939.0 521.0 10.0 521.0 
1 2 0.69 0.69 15.0 6.0 15.0 991.0 292.0 991.0 
1 2 0.27 0.27 797.0 54.0 797.0 372.0 77.0 372.0 
1 3 0.47 0.47 797.0 54.0 797.0 372.0 77.0 372.0 899.0 179.0 899.0 
1 4 0.76 0.76 797.0 54.0 797.0 372.0 77.0 372.0 899.0 179.0 899.0 294.0 86.0 294.0 
1 2 0.53 0.53 781.0 160.0 781.0 206.0 69.0 206.0 
1 3 0.64 0.64 781.0 160.0 781.0 206.0 69.0 206.0 473.0 51.0 473.0 
1 2 0.8 0.8 107.0 72.0 107.0 334.0 45.0 334.0 
1 2 0.5 0.5 148.0 40.0 148.0 46.0 11.0 46.0 
1 3 0.86 0.86 148.0 40.0 148.0 46.0 11.0 46.0 611.0 216.0 611.0 
1 4 0.99 0.99 148.0 40.0 148.0 46.0 11.0 46.0 611.0 216.0 611.0 407.0 54.0 407.0 
1 2 0.92 0.92 683.0 504.0 683.0 49.0 9.0 49.0 
1 2 0.61 0.61 867.0 271.0 867.0 10.0 3.0 10.0 
1 3 0.62 0.62 867.0 271.0 867.0 10.0 3.0 10.0 995.0 12.0 995.0 
1 2 0.38 0.38 437.0 154.0 437.0 720.0 22.0 720.0 
1 3 0.76 0.76 437.0 154.0 437.0 720.0 22.0 720.0 355.0 136.0 355.0 
1 4 0.77 0.77 437.0 154.0 437.0 720.0 22.0 720.0 355.0 136.0 355.0 590.0 8.0 590.0 
1 2 0.46 0.46 578.0 14.0 578.0 826.0 361.0 826.0 
1 3 0.81 0.81 578.0 14.0 578.0 826.0 361.0 826.0 104.0 37.0 104.0 
1 4 0.89 0.89 578.0 14.0 578.0 826.0 361.0 826.0 104.0 37.0 104.0 239.0 18.0 239.0 
1 2 0.98 0.98 973.0 911.0 973.0 660.0 35.0 660.0 
1 2 0.98 0.98 26.0 20.0 26.0 955.0 203.0 955.0 
1 3 0.99 0.99 26.0 20.0 26.0 955.0 203.0 955.0 201.0 2.0 201.0 
1 2 0.84 0.84 343.0 147.0 343.0 906.0 378.0 906.0 
1 2 0.46 0.46 922.0 76.0 922.0 70.0 27.0 70.0 
1 2 0.77 0.77 62.0 3.0 62.0 496.0 360.0 496.0 
1 2 0.84 0.84 863.0 481.0 863.0 552.0 160.0 552.0 
1 2 0.74 0.74 15.0 4.0 15.0 81.0 39.0 81.0 
1 2 0.63 0.63 832.0 247.0 832.0 605.0 207.0 605.0 
1 3 0.84 0.84 832.0 247.0 832.0 605.0 207.0 605.0 539.0 111.0 539.0 
1 2 0.38 0.38 914.0 195.0 914.0 394.0 66.0 394.0 
1 3 0.88 0.88 914.0 195.0 914.0 394.0 66.0 394.0 889.0 444.0 889.0 
1 2 0.4 0.4 480.0 33.0 480.0 568.0 193.0 568.0 
1 3 0.68 0.68 480.0 33.0 480.0 568.0 193.0 568.0 237.0 65.0 237.0 
1 4 0.95 0.95 480.0 33.0 480.0 568.0 193.0 568.0 237.0 65.0 237.0 881.0 240.0 881.0 
1 2 0.93 0.93 530.0 262.0 530.0 769.0 339.0 769.0 
1 2 0.88 0.88 838.0 422.0 838.0 195.0 74.0 195.0 
1 2 0.07 0.07 331.0 2.0 331.0 449.0 32.0 449.0 
1 3 0.29 0.29 331.0 2.0 331.0 449.0 32.0 449.0 302.0 66.0 302.0 
1 4 0.77 0.77 331.0 2.0 331.0 449.0 32.0 449.0 302.0 66.0 302.0 618.0 295.0 618.0 
1 2 0.38 0.38 464.0 96.0 464.0 399.0 70.0 399.0 
1 3 0.81 0.81 464.0 96.0 464.0 399.0 70.0 399.0 501.0 218.0 501.0 
1 2 0.42 0.42 477.0 157.0 477.0 71.0 7.0 71.0 
1 3 0.78 0.78 477.0 157.0 477.0 71.0 7.0 71.0 569.0 201.0 569.0 
1 2 0.75 0.75 178.0 57.0 178.0 814.0 351.0 814.0 
1 2 0.95 0.95 229.0 89.0 229.0 420.0 236.0 420.0 
1 2 0.71 0.71 239.0 62.0 239.0 844.0 385.0 844.0 
1 3 0.78 0.78 239.0 62.0 239.0 844.0 385.0 844.0 706.0 48.0 706.0 
1 2 0.52 0.52 578.0 32.0 578.0 297.0 138.0 297.0 
1 2 0.49 0.49 870.0 115.0 870.0 693.0 253.0 693.0 
1 3 0.77 0.77 870.0 115.0 870.0 693.0 253.0 693.0 227.0 64.0 227.0 
1 2 0.43 0.43 283.0 72.0 283.0 1000.0 182.0 1000.0 
1 3 0.62 0.62 283.0 72.0 283.0 1000.0 182.0 1000.0 945.0 181.0 945.0 
1 2 0.19 0.19 890.0 155.0 890.0 497.0 10.0 497.0 
1 3 0.85 0.85 890.0 155.0 890.0 497.0 10.0 497.0 763.0 503.0 763.0 
1 2 0.92 0.92 559.0 251.0 559.0 176.0 84.0 176.0 
1 2 0.58 0.58 652.0 196.0 652.0 745.0 212.0 745.0 
1 3 0.89 0.89 652.0 196.0 652.0 745.0 212.0 745.0 13.0 4.0 13.0 
1 2 0.74 0.74 325.0 40.0 325.0 866.0 542.0 866.0 
1 2 0.74 0.74 578.0 250.0 578.0 19.0 6.0 19.0 
1 3 0.88 0.88 578.0 250.0 578.0 19.0 6.0 19.0 729.0 96.0 729.0 
1 2 0.63 0.63 472.0 149.0 472.0 496.0 156.0 496.0 
1 2 0.41 0.41 524.0 57.0 524.0 185.0 56.0 185.0 
1 3 0.51 0.51 524.0 57.0 524.0 185.0 56.0 185.0 120.0 12.0 120.0 
1 4 0.83 0.83 524.0 57.0 524.0 185.0 56.0 185.0 120.0 12.0 120.0 852.0 276.0 852.0 
1 2 0.99 0.99 645.0 410.0 645.0 290.0 104.0 290.0 
1 2 0.16 0.16 329.0 46.0 329.0 824.0 23.0 824.0 
1 3 0.51 0.51 329.0 46.0 329.0 824.0 23.0 824.0 895.0 310.0 895.0 
1 2 0.55 0.55 91.0 34.0 91.0 329.0 61.0 329.0 
1 3 0.65 0.65 91.0 34.0 91.0 329.0 61.0 329.0 136.0 13.0 136.0 
1 4 0.87 0.87 91.0 34.0 91.0 329.0 61.0 329.0 136.0 13.0 136.0 117.0 26.0 117.0 
1 2 0.63 0.63 792.0 373.0 792.0 817.0 133.0 817.0 
1 3 0.78 0.78 792.0 373.0 792.0 817.0 133.0 817.0 324.0 49.0 324.0 
1 4 0.81 0.81 792.0 373.0 792.0 817.0 133.0 817.0 324.0 49.0 324.0 995.0 30.0 995.0 
1 5 0.95 0.95 792.0 373.0 792.0 817.0 133.0 817.0 324.0 49.0 324.0 995.0 30.0 995.0 871.0 123.0 871.0 
1 6 0.96 0.96 792.0 373.0 792.0 817.0 133.0 817.0 324.0 49.0 324.0 995.0 30.0 995.0 871.0 123.0 871.0 432.0 2.0 432.0 
1 2 0.76 0.76 751.0 182.0 751.0 330.0 173.0 330.0 
1 2 0.98 0.98 690.0 649.0 690.0 968.0 44.0 968.0 
1 2 0.61 0.61 12.0 1.0 12.0 647.0 346.0 647.0 
1 2 0.78 0.78 513.0 298.0 513.0 519.0 104.0 519.0 
1 2 0.37 0.37 986.0 90.0 986.0 412.0 115.0 412.0 
1 3 0.82 0.82 986.0 90.0 986.0 412.0 115.0 412.0 671.0 302.0 671.0 
1 2 0.4 0.4 312.0 69.0 312.0 953.0 175.0 953.0 
1 3 0.96 0.96 312.0 69.0 312.0 953.0 175.0 953.0 840.0 474.0 840.0 
1 2 0.84 0.84 106.0 81.0 106.0 589.0 48.0 589.0 
1 3 0.97 0.97 106.0 81.0 106.0 589.0 48.0 589.0 649.0 82.0 649.0 
1 2 0.85 0.85 215.0 164.0 215.0 851.0 76.0 851.0 
1 2 0.73 0.73 30.0 9.0 30.0 32.0 14.0 32.0 
1 3 0.81 0.81 30.0 9.0 30.0 32.0 14.0 32.0 763.0 61.0 763.0 
1 2 0.33 0.33 929.0 207.0 929.0 341.0 39.0 341.0 
1 3 0.38 0.38 929.0 207.0 929.0 341.0 39.0 341.0 166.0 8.0 166.0 
1 4 0.72 0.72 929.0 207.0 929.0 341.0 39.0 341.0 166.0 8.0 166.0 529.0 181.0 529.0 
1 2 0.75 0.75 832.0 324.0 832.0 797.0 295.0 797.0 
1 2 0.88 0.88 142.0 91.0 142.0 122.0 30.0 122.0 
1 2 0.35 0.35 850.0 169.0 850.0 926.0 140.0 926.0 
1 3 0.73 0.73 850.0 169.0 850.0 926.0 140.0 926.0 476.0 184.0 476.0 
1 4 0.97 0.97 850.0 169.0 850.0 926.0 140.0 926.0 476.0 184.0 476.0 708.0 171.0 708.0 
1 2 0.21 0.21 486.0 74.0 486.0 320.0 20.0 320.0 
1 2 0.34 0.34 270.0 50.0 270.0 323.0 53.0 323.0 
1 3 0.63 0.63 270.0 50.0 270.0 323.0 53.0 323.0 919.0 265.0 919.0 
1 2 0.47 0.47 365.0 20.0 365.0 868.0 361.0 868.0 
1 3 0.89 0.89 365.0 20.0 365.0 868.0 361.0 868.0 718.0 308.0 718.0 
1 2 0.53 0.53 269.0 127.0 269.0 396.0 25.0 396.0 
1 3 0.54 0.54 269.0 127.0 269.0 396.0 25.0 396.0 296.0 3.0 296.0 
1 4 0.73 0.73 269.0 127.0 269.0 396.0 25.0 396.0 296.0 3.0 296.0 440.0 82.0 440.0 
1 5 0.74 0.74 269.0 127.0 269.0 396.0 25.0 396.0 296.0 3.0 296.0 440.0 82.0 440.0 349.0 4.0 349.0 
1 2 0.22 0.22 37.0 1.0 37.0 477.0 93.0 477.0 
1 3 0.84 0.84 37.0 1.0 37.0 477.0 93.0 477.0 688.0 428.0 688.0 
1 4 0.99 0.99 37.0 1.0 37.0 477.0 93.0 477.0 688.0 428.0 688.0 907.0 136.0 907.0 
1 2 0.52 0.52 635.0 206.0 635.0 594.0 121.0 594.0 
1 3 0.59 0.59 635.0 206.0 635.0 594.0 121.0 594.0 31.0 2.0 31.0 
1 2 0.52 0.52 271.0 15.0 271.0 952.0 446.0 952.0 
1 3 0.88 0.88 271.0 15.0 271.0 952.0 446.0 952.0 659.0 238.0 659.0 
1 2 0.04 0.04 841.0 19.0 841.0 507.0 13.0 507.0 
1 3 0.84 0.84 841.0 19.0 841.0 507.0 13.0 507.0 301.0 241.0 301.0 
1 2 0.43 0.43 111.0 35.0 111.0 279.0 32.0 279.0 
1 3 0.43 0.43 111.0 35.0 111.0 279.0 32.0 279.0 610.0 3.0 610.0 
1 2 0.36 0.36 736.0 94.0 736.0 751.0 180.0 751.0 
1 3 0.41 0.41 736.0 94.0 736.0 751.0 180.0 751.0 199.0 9.0 199.0 
1 4 0.92 0.92 736.0 94.0 736.0 751.0 180.0 751.0 199.0 9.0 199.0 324.0 165.0 324.0 
1 2 0.6 0.6 224.0 24.0 224.0 2.0 1.0 2.0 
1 3 0.95 0.95 224.0 24.0 224.0 2.0 1.0 2.0 373.0 128.0 373.0 
1 2 0.34 0.34 405.0 109.0 405.0 358.0 27.0 358.0 
1 3 0.71 0.71 405.0 109.0 405.0 358.0 27.0 358.0 882.0 331.0 882.0 
1 4 0.75 0.75 405.0 109.0 405.0 358.0 27.0 358.0 882.0 331.0 882.0 376.0 13.0 376.0 
1 2 0.75 0.75 907.0 327.0 907.0 806.0 314.0 806.0 
1 2 0.61 0.61 61.0 25.0 61.0 392.0 82.0 392.0 
1 2 0.37 0.37 446.0 75.0 446.0 355.0 73.0 355.0 
1 3 0.81 0.81 446.0 75.0 446.0 355.0 73.0 355.0 730.0 321.0 730.0 
1 2 0.47 0.47 418.0 104.0 418.0 283.0 64.0 283.0 
1 3 0.93 0.93 418.0 104.0 418.0 283.0 64.0 283.0 24.0 11.0 24.0 
1 2 0.84 0.84 96.0 81.0 96.0 547.0 3.0 547.0 
1 2 0.05 0.05 975.0 12.0 975.0 269.0 12.0 269.0 
1 3 0.11 0.11 975.0 12.0 975.0 269.0 12.0 269.0 894.0 51.0 894.0 
1 4 0.66 0.66 975.0 12.0 975.0 269.0 12.0 269.0 894.0 51.0 894.0 587.0 325.0 587.0 
1 5 0.86 0.86 975.0 12.0 975.0 269.0 12.0 269.0 894.0 51.0 894.0 587.0 325.0 587.0 889.0 176.0 889.0 
1 2 0.62 0.62 886.0 365.0 886.0 542.0 115.0 542.0 
1 3 0.89 0.89 886.0 365.0 886.0 542.0 115.0 542.0 975.0 261.0 975.0 
1 2 0.62 0.62 200.0 7.0 200.0 39.0 23.0 39.0 
1 3 0.89 0.89 200.0 7.0 200.0 39.0 23.0 39.0 890.0 241.0 890.0 
1 2 0.38 0.38 814.0 87.0 814.0 179.0 50.0 179.0 
1 3 0.93 0.93 814.0 87.0 814.0 179.0 50.0 179.0 618.0 338.0 618.0 
1 2 0.67 0.67 679.0 151.0 679.0 687.0 314.0 687.0 
1 2 0.6 0.6 820.0 407.0 820.0 508.0 57.0 508.0 
1 3 0.64 0.64 820.0 407.0 820.0 508.0 57.0 508.0 859.0 30.0 859.0 
1 2 0.94 0.94 515.0 245.0 515.0 324.0 151.0 324.0 
1 2 0.6 0.6 557.0 155.0 557.0 751.0 242.0 751.0 
1 3 0.98 0.98 557.0 155.0 557.0 751.0 242.0 751.0 591.0 229.0 591.0 
1 2 0.75 0.75 213.0 99.0 213.0 644.0 185.0 644.0 
1 2 0.56 0.56 238.0 72.0 238.0 248.0 66.0 248.0 
1 3 0.75 0.75 238.0 72.0 238.0 248.0 66.0 248.0 361.0 67.0 361.0 
1 2 0.17 0.17 313.0 50.0 313.0 251.0 5.0 251.0 
1 3 0.41 0.41 313.0 50.0 313.0 251.0 5.0 251.0 890.0 205.0 890.0 
1 4 0.54 0.54 313.0 50.0 313.0 251.0 5.0 251.0 890.0 205.0 890.0 734.0 100.0 734.0 
1 5 0.69 0.69 313.0 50.0 313.0 251.0 5.0 251.0 890.0 205.0 890.0 734.0 100.0 734.0 988.0 145.0 988.0 
1 2 0.83 0.83 218.0 95.0 218.0 503.0 203.0 503.0 
1 2 0.19 0.19 679.0 13.0 679.0 682.0 123.0 682.0 
1 3 0.23 0.23 679.0 13.0 679.0 682.0 123.0 682.0 687.0 25.0 687.0 
1 4 0.44 0.44 679.0 13.0 679.0 682.0 123.0 682.0 687.0 25.0 687.0 173.0 37.0 173.0 
1 2 0.62 0.62 470.0 128.0 470.0 284.0 100.0 284.0 
1 2 0.6 0.6 663.0 281.0 663.0 719.0 130.0 719.0 
1 3 0.86 0.86 663.0 281.0 663.0 719.0 130.0 719.0 674.0 175.0 674.0 
1 2 0.54 0.54 202.0 56.0 202.0 499.0 133.0 499.0 
1 3 0.62 0.62 202.0 56.0 202.0 499.0 133.0 499.0 722.0 56.0 722.0 
1 2 0.66 0.66 277.0 97.0 277.0 995.0 313.0 995.0 
1 2 0.89 0.89 529.0 469.0 529.0 916.0 7.0 916.0 
1 3 0.91 0.91 529.0 469.0 529.0 916.0 7.0 916.0 43.0 1.0 43.0 
1 2 0.52 0.52 179.0 34.0 179.0 747.0 251.0 747.0 
1 2 0.69 0.69 103.0 62.0 103.0 205.0 19.0 205.0 
1 2 0.88 0.88 570.0 243.0 570.0 454.0 207.0 454.0 
1 3 0.98 0.98 570.0 243.0 570.0 454.0 207.0 454.0 535.0 55.0 535.0 
1 2 0.87 0.87 369.0 61.0 369.0 526.0 371.0 526.0 
1 2 0.77 0.77 562.0 330.0 562.0 677.0 129.0 677.0 
1 2 0.32 0.32 614.0 53.0 614.0 872.0 206.0 872.0 
1 3 0.36 0.36 614.0 53.0 614.0 872.0 206.0 872.0 141.0 6.0 141.0 
1 4 0.82 0.82 614.0 53.0 614.0 872.0 206.0 872.0 141.0 6.0 141.0 26.0 12.0 26.0 
1 5 0.87 0.87 614.0 53.0 614.0 872.0 206.0 872.0 141.0 6.0 141.0 26.0 12.0 26.0 365.0 17.0 365.0 
1 2 0.28 0.28 122.0 24.0 122.0 814.0 71.0 814.0 
1 3 0.57 0.57 122.0 24.0 122.0 814.0 71.0 814.0 17.0 5.0 17.0 
1 4 0.87 0.87 122.0 24.0 122.0 814.0 71.0 814.0 17.0 5.0 17.0 841.0 251.0 841.0 
1 2 0.45 0.45 566.0 148.0 566.0 542.0 105.0 542.0 
1 3 0.68 0.68 566.0 148.0 566.0 542.0 105.0 542.0 896.0 205.0 896.0 
1 2 0.93 0.93 49.0 17.0 49.0 327.0 191.0 327.0 
1 2 0.39 0.39 175.0 28.0 175.0 839.0 199.0 839.0 
1 3 0.97 0.97 175.0 28.0 175.0 839.0 199.0 839.0 868.0 505.0 868.0 
1 2 0.27 0.27 23.0 4.0 23.0 115.0 12.0 115.0 
1 3 0.31 0.31 23.0 4.0 23.0 115.0 12.0 115.0 241.0 8.0 241.0 
1 4 0.51 0.51 23.0 4.0 23.0 115.0 12.0 115.0 241.0 8.0 241.0 841.0 168.0 841.0 
1 2 0.82 0.82 147.0 74.0 147.0 546.0 178.0 546.0 
1 3 0.84 0.84 147.0 74.0 147.0 546.0 178.0 546.0 890.0 13.0 890.0 
1 2 0.35 0.35 928.0 299.0 928.0 106.0 4.0 106.0 
1 3 0.56 0.56 928.0 299.0 928.0 106.0 4.0 106.0 661.0 136.0 661.0 
1 4 0.76 0.76 928.0 299.0 928.0 106.0 4.0 106.0 661.0 136.0 661.0 625.0 126.0 625.0 
1 2 0.43 0.43 53.0 16.0 53.0 548.0 74.0 548.0 
1 2 0.86 0.86 19.0 15.0 19.0 703.0 55.0 703.0 
1 2 0.43 0.43 715.0 49.0 715.0 696.0 256.0 696.0 
1 2 0.37 0.37 423.0 154.0 423.0 732.0 7.0 732.0 
1 2 0.57 0.57 733.0 293.0 733.0 387.0 66.0 387.0 
1 3 0.91 0.91 733.0 293.0 733.0 387.0 66.0 387.0 433.0 149.0 433.0 
1 2 0.77 0.77 647.0 415.0 647.0 462.0 61.0 462.0 
1 2 0.24 0.24 58.0 4.0 58.0 210.0 36.0 210.0 
1 3 0.95 0.95 58.0 4.0 58.0 210.0 36.0 210.0 720.0 517.0 720.0 
1 2 0.8 0.8 911.0 454.0 911.0 201.0 62.0 201.0 
1 2 0.66 0.66 411.0 145.0 411.0 290.0 90.0 290.0 
1 2 0.22 0.22 165.0 3.0 165.0 292.0 61.0 292.0 
1 3 0.61 0.61 165.0 3.0 165.0 292.0 61.0 292.0 87.0 34.0 87.0 
1 2 0.57 0.57 546.0 9.0 546.0 876.0 489.0 876.0 
1 3 0.77 0.77 546.0 9.0 546.0 876.0 489.0 876.0 126.0 25.0 126.0 
1 4 0.98 0.98 546.0 9.0 546.0 876.0 489.0 876.0 126.0 25.0 126.0 903.0 192.0 903.0 
1 2 0.71 0.71 684.0 459.0 684.0 717.0 29.0 717.0 
1 2 0.42 0.42 434.0 32.0 434.0 421.0 148.0 421.0 
1 3 0.43 0.43 434.0 32.0 434.0 421.0 148.0 421.0 914.0 13.0 914.0 
1 4 0.6 0.6 434.0 32.0 434.0 421.0 148.0 421.0 914.0 13.0 914.0 43.0 7.0 43.0 
1 5 0.77 0.77 434.0 32.0 434.0 421.0 148.0 421.0 914.0 13.0 914.0 43.0 7.0 43.0 402.0 70.0 402.0 
1 2 0.69 0.69 154.0 86.0 154.0 636.0 90.0 636.0 
1 2 0.9 0.9 122.0 71.0 122.0 523.0 168.0 523.0 
1 2 0.93 0.93 278.0 33.0 278.0 139.0 113.0 139.0 
1 2 0.88 0.88 785.0 269.0 785.0 883.0 481.0 883.0 
1 2 0.37 0.37 496.0 181.0 496.0 646.0 6.0 646.0 
1 2 0.9 0.9 538.0 458.0 538.0 90.0 5.0 90.0 
1 2 0.92 0.92 352.0 196.0 352.0 314.0 116.0 314.0 
1 2 0.65 0.65 768.0 256.0 768.0 393.0 126.0 393.0 
1 2 0.31 0.31 824.0 229.0 824.0 31.0 1.0 31.0 
1 3 0.49 0.49 824.0 229.0 824.0 31.0 1.0 31.0 182.0 33.0 182.0 
1 2 0.98 0.98 645.0 188.0 645.0 205.0 142.0 205.0 
1 2 0.1 0.1 161.0 3.0 161.0 70.0 6.0 70.0 
1 3 0.33 0.33 161.0 3.0 161.0 70.0 6.0 70.0 618.0 144.0 618.0 
1 4 0.39 0.39 161.0 3.0 161.0 70.0 6.0 70.0 618.0 144.0 618.0 327.0 18.0 327.0 
1 5 0.84 0.84 161.0 3.0 161.0 70.0 6.0 70.0 618.0 144.0 618.0 327.0 18.0 327.0 605.0 274.0 605.0 
1 6 0.93 0.93 161.0 3.0 161.0 70.0 6.0 70.0 618.0 144.0 618.0 327.0 18.0 327.0 605.0 274.0 605.0 536.0 47.0 536.0 
1 7 0.99 0.99 161.0 3.0 161.0 70.0 6.0 70.0 618.0 144.0 618.0 327.0 18.0 327.0 605.0 274.0 605.0 536.0 47.0 536.0 951.0 61.0 951.0 
1 2 0.3 0.3 738.0 170.0 738.0 233.0 18.0 233.0 
1 3 0.97 0.97 738.0 170.0 738.0 233.0 18.0 233.0 846.0 568.0 846.0 
1 2 0.47 0.47 193.0 51.0 193.0 72.0 15.0 72.0 
1 3 0.84 0.84 193.0 51.0 193.0 72.0 15.0 72.0 430.0 161.0 430.0 
1 2 0.88 0.88 274.0 234.0 274.0 661.0 22.0 661.0 
1 3 0.93 0.93 274.0 234.0 274.0 661.0 22.0 661.0 674.0 32.0 674.0 
1 2 0.46 0.46 571.0 108.0 571.0 531.0 145.0 531.0 
1 3 0.81 0.81 571.0 108.0 571.0 531.0 145.0 531.0 48.0 17.0 48.0 
1 2 0.86 0.86 366.0 167.0 366.0 828.0 340.0 828.0 
1 2 0.07 0.07 467.0 28.0 467.0 784.0 12.0 784.0 
1 3 0.54 0.54 467.0 28.0 467.0 784.0 12.0 784.0 956.0 453.0 956.0 
1 4 0.66 0.66 467.0 28.0 467.0 784.0 12.0 784.0 956.0 453.0 956.0 18.0 2.0 18.0 
1 5 0.95 0.95 467.0 28.0 467.0 784.0 12.0 784.0 956.0 453.0 956.0 18.0 2.0 18.0 505.0 149.0 505.0 
1 2 0.26 0.26 29.0 4.0 29.0 38.0 5.0 38.0 
1 3 0.75 0.75 29.0 4.0 29.0 38.0 5.0 38.0 580.0 280.0 580.0 
1 4 0.76 0.76 29.0 4.0 29.0 38.0 5.0 38.0 580.0 280.0 580.0 559.0 8.0 559.0 
1 2 0.57 0.57 392.0 108.0 392.0 833.0 247.0 833.0 
1 3 0.69 0.69 392.0 108.0 392.0 833.0 247.0 833.0 853.0 103.0 853.0 
1 2 0.63 0.63 194.0 67.0 194.0 575.0 166.0 575.0 
1 3 0.99 0.99 194.0 67.0 194.0 575.0 166.0 575.0 502.0 179.0 502.0 
1 2 0.68 0.68 381.0 175.0 381.0 858.0 192.0 858.0 
1 2 0.4 0.4 149.0 17.0 149.0 556.0 162.0 556.0 
1 3 0.62 0.62 149.0 17.0 149.0 556.0 162.0 556.0 816.0 180.0 816.0 
1 4 0.69 0.69 149.0 17.0 149.0 556.0 162.0 556.0 816.0 180.0 816.0 804.0 55.0 804.0 
1 5 0.95 0.95 149.0 17.0 149.0 556.0 162.0 556.0 816.0 180.0 816.0 804.0 55.0 804.0 693.0 181.0 693.0 
1 2 0.49 0.49 854.0 37.0 854.0 920.0 413.0 920.0 
1 3 0.68 0.68 854.0 37.0 854.0 920.0 413.0 920.0 385.0 73.0 385.0 
1 2 0.2 0.2 795.0 76.0 795.0 732.0 81.0 732.0 
1 3 0.7 0.7 795.0 76.0 795.0 732.0 81.0 732.0 928.0 463.0 928.0 
1 4 0.81 0.81 795.0 76.0 795.0 732.0 81.0 732.0 928.0 463.0 928.0 391.0 43.0 391.0 
1 2 0.9 0.9 162.0 123.0 162.0 885.0 126.0 885.0 
1 2 0.64 0.64 587.0 322.0 587.0 315.0 29.0 315.0 
1 3 0.92 0.92 587.0 322.0 587.0 315.0 29.0 315.0 249.0 70.0 249.0 
1 2 0.53 0.53 574.0 267.0 574.0 88.0 6.0 88.0 
1 2 0.83 0.83 727.0 248.0 727.0 187.0 93.0 187.0 
1 3 0.96 0.96 727.0 248.0 727.0 187.0 93.0 187.0 756.0 98.0 756.0 
1 2 0.93 0.93 968.0 745.0 968.0 640.0 109.0 640.0 
1 2 0.43 0.43 756.0 96.0 756.0 620.0 189.0 620.0 
1 3 0.43 0.43 756.0 96.0 756.0 620.0 189.0 620.0 847.0 5.0 847.0 
1 4 0.71 0.71 756.0 96.0 756.0 620.0 189.0 620.0 847.0 5.0 847.0 124.0 34.0 124.0 
1 5 0.72 0.72 756.0 96.0 756.0 620.0 189.0 620.0 847.0 5.0 847.0 124.0 34.0 124.0 386.0 5.0 386.0 
1 6 0.98 0.98 756.0 96.0 756.0 620.0 189.0 620.0 847.0 5.0 847.0 124.0 34.0 124.0 386.0 5.0 386.0 981.0 259.0 981.0 
1 2 0.25 0.25 132.0 32.0 132.0 896.0 13.0 896.0 
1 3 0.69 0.69 132.0 32.0 132.0 896.0 13.0 896.0 252.0 110.0 252.0 
1 2 0.18 0.18 787.0 133.0 787.0 508.0 8.0 508.0 
1 3 0.6 0.6 787.0 133.0 787.0 508.0 8.0 508.0 31.0 13.0 31.0 
1 4 0.88 0.88 787.0 133.0 787.0 508.0 8.0 508.0 31.0 13.0 31.0 511.0 144.0 511.0 
1 2 0.89 0.89 482.0 336.0 482.0 779.0 152.0 779.0 
1 2 0.41 0.41 194.0 69.0 194.0 867.0 51.0 867.0 
1 3 0.41 0.41 194.0 69.0 194.0 867.0 51.0 867.0 961.0 1.0 961.0 
1 4 0.7 0.7 194.0 69.0 194.0 867.0 51.0 867.0 961.0 1.0 961.0 265.0 78.0 265.0 
1 2 0.25 0.25 690.0 51.0 690.0 99.0 18.0 99.0 
1 3 0.58 0.58 690.0 51.0 690.0 99.0 18.0 99.0 750.0 248.0 750.0 
1 4 0.87 0.87 690.0 51.0 690.0 99.0 18.0 99.0 750.0 248.0 750.0 854.0 244.0 854.0 
1 2 0.8 0.8 196.0 33.0 196.0 160.0 102.0 160.0 
1 2 0.43 0.43 37.0 7.0 37.0 53.0 13.0 53.0 
1 2 0.12 0.12 878.0 73.0 878.0 759.0 30.0 759.0 
1 3 0.88 0.88 878.0 73.0 878.0 759.0 30.0 759.0 223.0 169.0 223.0 
1 2 0.59 0.59 464.0 99.0 464.0 95.0 36.0 95.0 
1 3 0.93 0.93 464.0 99.0 464.0 95.0 36.0 95.0 468.0 161.0 468.0 
1 2 0.25 0.25 712.0 45.0 712.0 190.0 36.0 190.0 
1 3 0.81 0.81 712.0 45.0 712.0 190.0 36.0 190.0 737.0 412.0 737.0 
1 4 0.87 0.87 712.0 45.0 712.0 190.0 36.0 190.0 737.0 412.0 737.0 644.0 42.0 644.0 
1 2 0.92 0.92 862.0 180.0 862.0 260.0 186.0 260.0 
1 2 0.92 0.92 694.0 165.0 694.0 425.0 294.0 425.0 
1 2 0.43 0.43 149.0 57.0 149.0 515.0 25.0 515.0 
1 3 0.96 0.96 149.0 57.0 149.0 515.0 25.0 515.0 617.0 327.0 617.0 
1 2 0.96 0.96 181.0 87.0 181.0 710.0 345.0 710.0 
1 2 0.8 0.8 359.0 150.0 359.0 896.0 348.0 896.0 
1 2 0.58 0.58 85.0 44.0 85.0 327.0 21.0 327.0 
1 2 0.8 0.8 905.0 253.0 905.0 293.0 155.0 293.0 
1 2 0.43 0.43 636.0 106.0 636.0 176.0 47.0 176.0 
1 3 0.92 0.92 636.0 106.0 636.0 176.0 47.0 176.0 541.0 264.0 541.0 
1 2 0.44 0.44 505.0 115.0 505.0 369.0 81.0 369.0 
1 3 0.79 0.79 505.0 115.0 505.0 369.0 81.0 369.0 244.0 86.0 244.0 
1 2 0.51 0.51 610.0 108.0 610.0 325.0 109.0 325.0 
1 3 0.93 0.93 610.0 108.0 610.0 325.0 109.0 325.0 403.0 170.0 403.0 
1 2 0.54 0.54 121.0 29.0 121.0 183.0 56.0 183.0 
1 2 0.43 0.43 502.0 122.0 502.0 433.0 85.0 433.0 
1 3 0.71 0.71 502.0 122.0 502.0 433.0 85.0 433.0 47.0 13.0 47.0 
1 4 0.89 0.89 502.0 122.0 502.0 433.0 85.0 433.0 47.0 13.0 47.0 779.0 141.0 779.0 
1 2 0.78 0.78 678.0 522.0 678.0 644.0 7.0 644.0 
1 2 0.55 0.55 951.0 88.0 951.0 335.0 154.0 335.0 
1 3 0.85 0.85 951.0 88.0 951.0 335.0 154.0 335.0 668.0 204.0 668.0 
1 2 0.93 0.93 266.0 220.0 266.0 742.0 82.0 742.0 
1 2 0.67 0.67 833.0 418.0 833.0 944.0 163.0 944.0 
1 3 0.79 0.79 833.0 418.0 833.0 944.0 163.0 944.0 450.0 52.0 450.0 
1 4 0.83 0.83 833.0 418.0 833.0 944.0 163.0 944.0 450.0 52.0 450.0 951.0 40.0 951.0 
1 5 0.87 0.87 833.0 418.0 833.0 944.0 163.0 944.0 450.0 52.0 450.0 951.0 40.0 951.0 138.0 6.0 138.0 
1 2 0.69 0.69 67.0 32.0 67.0 992.0 219.0 992.0 
1 2 0.27 0.27 560.0 65.0 560.0 757.0 124.0 757.0 
1 3 0.89 0.89 560.0 65.0 560.0 757.0 124.0 757.0 86.0 53.0 86.0 
1 2 0.66 0.66 386.0 94.0 386.0 326.0 136.0 326.0 
1 2 0.48 0.48 502.0 216.0 502.0 822.0 44.0 822.0 
1 3 0.7 0.7 502.0 216.0 502.0 822.0 44.0 822.0 939.0 208.0 939.0 
1 2 0.86 0.86 362.0 146.0 362.0 148.0 69.0 148.0 
1 2 0.84 0.84 3.0 2.0 3.0 577.0 102.0 577.0 
1 2 0.74 0.74 371.0 160.0 371.0 641.0 204.0 641.0 
1 2 0.85 0.85 518.0 237.0 518.0 10.0 4.0 10.0 
1 2 0.53 0.53 959.0 399.0 959.0 616.0 74.0 616.0 
1 3 0.82 0.82 959.0 399.0 959.0 616.0 74.0 616.0 593.0 169.0 593.0 
1 2 0.64 0.64 514.0 12.0 514.0 952.0 590.0 952.0 
1 2 0.61 0.61 537.0 90.0 537.0 783.0 353.0 783.0 
1 2 0.39 0.39 15.0 1.0 15.0 117.0 38.0 117.0 
1 3 0.43 0.43 15.0 1.0 15.0 117.0 38.0 117.0 100.0 4.0 100.0 
1 2 0.26 0.26 917.0 152.0 917.0 21.0 2.0 21.0 
1 2 0.33 0.33 305.0 3.0 305.0 154.0 50.0 154.0 
1 3 0.72 0.72 305.0 3.0 305.0 154.0 50.0 154.0 85.0 33.0 85.0 
1 4 0.91 0.91 305.0 3.0 305.0 154.0 50.0 154.0 85.0 33.0 85.0 94.0 18.0 94.0 
1 2 0.35 0.35 695.0 225.0 695.0 926.0 27.0 926.0 
1 2 0.96 0.96 199.0 73.0 199.0 5.0 3.0 5.0 
1 2 0.88 0.88 166.0 6.0 166.0 166.0 141.0 166.0 
1 2 0.91 0.91 387.0 321.0 387.0 111.0 9.0 111.0 
1 3 0.93 0.93 387.0 321.0 387.0 111.0 9.0 111.0 397.0 8.0 397.0 
1 2 0.37 0.37 672.0 20.0 672.0 741.0 253.0 741.0 
1 2 0.54 0.54 156.0 40.0 156.0 658.0 191.0 658.0 
1 2 0.32 0.32 373.0 84.0 373.0 375.0 38.0 375.0 
1 2 0.95 0.95 855.0 193.0 855.0 850.0 624.0 850.0 
1 2 0.98 0.98 215.0 58.0 215.0 629.0 447.0 629.0 
1 2 0.98 0.98 368.0 45.0 368.0 908.0 785.0 908.0 
1 2 0.79 0.79 122.0 74.0 122.0 588.0 110.0 588.0 
1 2 0.73 0.73 601.0 235.0 601.0 481.0 165.0 481.0 
1 2 0.74 0.74 721.0 482.0 721.0 625.0 45.0 625.0 
1 2 0.94 0.94 56.0 37.0 56.0 223.0 63.0 223.0 
1 2 0.77 0.77 294.0 227.0 294.0 630.0 2.0 630.0 
1 3 0.98 0.98 294.0 227.0 294.0 630.0 2.0 630.0 541.0 112.0 541.0 
1 2 0.92 0.92 484.0 128.0 484.0 954.0 632.0 954.0 
1 2 0.34 0.34 884.0 260.0 884.0 724.0 37.0 724.0 
1 2 0.35 0.35 900.0 272.0 900.0 469.0 26.0 469.0 
1 3 0.57 0.57 900.0 272.0 900.0 469.0 26.0 469.0 850.0 185.0 850.0 
1 4 0.7 0.7 900.0 272.0 900.0 469.0 26.0 469.0 850.0 185.0 850.0 301.0 38.0 301.0 
1 2 0.84 0.84 631.0 299.0 631.0 973.0 363.0 973.0 
1 2 0.44 0.44 421.0 34.0 421.0 499.0 184.0 499.0 
1 3 0.63 0.63 421.0 34.0 421.0 499.0 184.0 499.0 309.0 56.0 309.0 
1 2 0.59 0.59 417.0 118.0 417.0 296.0 93.0 296.0 
1 2 0.89 0.89 130.0 49.0 130.0 264.0 136.0 264.0 
1 2 0.9 0.9 400.0 342.0 400.0 859.0 40.0 859.0 
1 2 0.22 0.22 818.0 103.0 818.0 798.0 79.0 798.0 
1 3 0.66 0.66 818.0 103.0 818.0 798.0 79.0 798.0 830.0 362.0 830.0 
1 2 0.97 0.97 411.0 271.0 411.0 754.0 239.0 754.0 
1 2 0.89 0.89 290.0 12.0 290.0 595.0 506.0 595.0 
1 2 0.81 0.81 21.0 1.0 21.0 256.0 197.0 256.0 
1 2 0.71 0.71 341.0 111.0 341.0 171.0 67.0 171.0 
1 3 0.73 0.73 341.0 111.0 341.0 171.0 67.0 171.0 458.0 8.0 458.0 
1 2 0.53 0.53 14.0 5.0 14.0 694.0 120.0 694.0 
1 3 0.69 0.69 14.0 5.0 14.0 694.0 120.0 694.0 624.0 106.0 624.0 
1 2 0.7 0.7 76.0 21.0 76.0 188.0 81.0 188.0 
1 3 0.93 0.93 76.0 21.0 76.0 188.0 81.0 188.0 121.0 28.0 121.0 
1 2 0.52 0.52 555.0 67.0 555.0 72.0 29.0 72.0 
1 2 0.53 0.53 25.0 5.0 25.0 189.0 63.0 189.0 
1 3 0.64 0.64 25.0 5.0 25.0 189.0 63.0 189.0 174.0 20.0 174.0 
1 2 0.4 0.4 350.0 36.0 350.0 669.0 202.0 669.0 
1 3 0.91 0.91 350.0 36.0 350.0 669.0 202.0 669.0 733.0 375.0 733.0 
1 2 0.47 0.47 169.0 7.0 169.0 837.0 365.0 837.0 
1 2 0.65 0.65 103.0 7.0 103.0 339.0 198.0 339.0 
1 2 0.31 0.31 355.0 16.0 355.0 963.0 262.0 963.0 
1 3 0.42 0.42 355.0 16.0 355.0 963.0 262.0 963.0 936.0 101.0 936.0 
1 4 0.67 0.67 355.0 16.0 355.0 963.0 262.0 963.0 936.0 101.0 936.0 216.0 53.0 216.0 
1 2 0.42 0.42 773.0 91.0 773.0 322.0 98.0 322.0 
1 3 0.61 0.61 773.0 91.0 773.0 322.0 98.0 322.0 533.0 102.0 533.0 
1 4 0.62 0.62 773.0 91.0 773.0 322.0 98.0 322.0 533.0 102.0 533.0 694.0 10.0 694.0 
1 5 0.83 0.83 773.0 91.0 773.0 322.0 98.0 322.0 533.0 102.0 533.0 694.0 10.0 694.0 261.0 53.0 261.0 
1 2 0.53 0.53 846.0 420.0 846.0 55.0 2.0 55.0 
1 2 0.64 0.64 808.0 24.0 808.0 619.0 382.0 619.0 
1 2 0.79 0.79 512.0 244.0 512.0 168.0 54.0 168.0 
1 3 0.89 0.89 512.0 244.0 512.0 168.0 54.0 168.0 508.0 51.0 508.0 
1 2 0.76 0.76 782.0 291.0 782.0 438.0 170.0 438.0 
1 3 0.86 0.86 782.0 291.0 782.0 438.0 170.0 438.0 955.0 99.0 955.0 
1 2 0.96 0.96 762.0 73.0 762.0 790.0 684.0 790.0 
1 2 0.67 0.67 703.0 209.0 703.0 635.0 241.0 635.0 
1 3 0.76 0.76 703.0 209.0 703.0 635.0 241.0 635.0 196.0 18.0 196.0 
1 2 0.87 0.87 625.0 116.0 625.0 723.0 500.0 723.0 
1 2 0.56 0.56 81.0 29.0 81.0 668.0 140.0 668.0 
1 3 0.58 0.58 81.0 29.0 81.0 668.0 140.0 668.0 974.0 13.0 974.0 
1 2 0.87 0.87 86.0 37.0 86.0 774.0 344.0 774.0 
1 2 0.41 0.41 420.0 166.0 420.0 446.0 10.0 446.0 
1 3 0.62 0.62 420.0 166.0 420.0 446.0 10.0 446.0 419.0 87.0 419.0 
1 2 0.36 0.36 575.0 186.0 575.0 393.0 15.0 393.0 
1 3 0.7 0.7 575.0 186.0 575.0 393.0 15.0 393.0 540.0 185.0 540.0 
1 4 0.71 0.71 575.0 186.0 575.0 393.0 15.0 393.0 540.0 185.0 540.0 572.0 9.0 572.0 
1 2 0.99 0.99 321.0 298.0 321.0 145.0 10.0 145.0 
1 2 0.28 0.28 592.0 7.0 592.0 882.0 240.0 882.0 
1 3 0.75 0.75 592.0 7.0 592.0 882.0 240.0 882.0 996.0 472.0 996.0 
1 2 0.49 0.49 311.0 79.0 311.0 341.0 82.0 341.0 
1 2 0.33 0.33 885.0 152.0 885.0 560.0 90.0 560.0 
1 3 0.35 0.35 885.0 152.0 885.0 560.0 90.0 560.0 50.0 1.0 50.0 
1 4 0.78 0.78 885.0 152.0 885.0 560.0 90.0 560.0 50.0 1.0 50.0 205.0 88.0 205.0 
1 2 0.33 0.33 191.0 10.0 191.0 346.0 97.0 346.0 
1 2 0.77 0.77 120.0 81.0 120.0 446.0 46.0 446.0 
1 2 0.95 0.95 641.0 414.0 641.0 878.0 269.0 878.0 
1 2 0.86 0.86 681.0 148.0 681.0 455.0 294.0 455.0 
1 2 0.28 0.28 825.0 6.0 825.0 461.0 128.0 461.0 
1 2 0.21 0.21 950.0 174.0 950.0 646.0 18.0 646.0 
1 3 0.95 0.95 950.0 174.0 950.0 646.0 18.0 646.0 389.0 291.0 389.0 
1 2 0.52 0.52 38.0 18.0 38.0 363.0 19.0 363.0 
1 2 0.82 0.82 356.0 176.0 356.0 150.0 49.0 150.0 
1 2 0.38 0.38 171.0 38.0 171.0 170.0 28.0 170.0 
1 3 0.89 0.89 171.0 38.0 171.0 170.0 28.0 170.0 995.0 510.0 995.0 
1 2 0.64 0.64 225.0 131.0 225.0 779.0 50.0 779.0 
1 3 0.71 0.71 225.0 131.0 225.0 779.0 50.0 779.0 859.0 57.0 859.0 
1 4 0.77 0.77 225.0 131.0 225.0 779.0 50.0 779.0 859.0 57.0 859.0 541.0 32.0 541.0 
1 2 0.19 0.19 291.0 7.0 291.0 719.0 125.0 719.0 
1 3 0.63 0.63 291.0 7.0 291.0 719.0 125.0 719.0 599.0 260.0 599.0 
1 4 0.74 0.74 291.0 7.0 291.0 719.0 125.0 719.0 599.0 260.0 599.0 375.0 41.0 375.0 
1 2 0.44 0.44 400.0 11.0 400.0 970.0 407.0 970.0 
1 3 0.49 0.49 400.0 11.0 400.0 970.0 407.0 970.0 437.0 21.0 437.0 
1 4 0.96 0.96 400.0 11.0 400.0 970.0 407.0 970.0 437.0 21.0 437.0 730.0 342.0 730.0 
1 2 0.98 0.98 222.0 130.0 222.0 463.0 184.0 463.0 
1 2 0.74 0.74 251.0 123.0 251.0 68.0 17.0 68.0 
1 2 0.49 0.49 891.0 103.0 891.0 646.0 243.0 646.0 
1 3 0.84 0.84 891.0 103.0 891.0 646.0 243.0 646.0 807.0 288.0 807.0 
1 2 0.99 0.99 158.0 73.0 158.0 15.0 8.0 15.0 
1 2 0.59 0.59 876.0 154.0 876.0 695.0 291.0 695.0 
1 3 0.88 0.88 876.0 154.0 876.0 695.0 291.0 695.0 510.0 147.0 510.0 
1 2 0.47 0.47 608.0 235.0 608.0 204.0 18.0 204.0 
1 3 0.53 0.53 608.0 235.0 608.0 204.0 18.0 204.0 47.0 3.0 47.0 
1 4 0.88 0.88 608.0 235.0 608.0 204.0 18.0 204.0 47.0 3.0 47.0 656.0 224.0 656.0 
1 2 0.65 0.65 304.0 40.0 304.0 907.0 473.0 907.0 
1 2 0.12 0.12 902.0 76.0 902.0 95.0 4.0 95.0 
1 3 0.71 0.71 902.0 76.0 902.0 95.0 4.0 95.0 772.0 451.0 772.0 
1 2 0.35 0.35 732.0 215.0 732.0 987.0 64.0 987.0 
1 3 0.7 0.7 732.0 215.0 732.0 987.0 64.0 987.0 368.0 127.0 368.0 
1 2 0.51 0.51 804.0 232.0 804.0 498.0 113.0 498.0 
1 3 0.79 0.79 804.0 232.0 804.0 498.0 113.0 498.0 760.0 214.0 760.0 
1 4 0.9 0.9 804.0 232.0 804.0 498.0 113.0 498.0 760.0 214.0 760.0 197.0 22.0 197.0 
1 2 0.35 0.35 225.0 80.0 225.0 940.0 3.0 940.0 
1 2 0.76 0.76 483.0 149.0 483.0 632.0 289.0 632.0 
1 3 0.83 0.83 483.0 149.0 483.0 632.0 289.0 632.0 568.0 39.0 568.0 
1 4 0.84 0.84 483.0 149.0 483.0 632.0 289.0 632.0 568.0 39.0 568.0 470.0 4.0 470.0 
1 2 0.29 0.29 924.0 6.0 924.0 582.0 169.0 582.0 
1 3 0.38 0.38 924.0 6.0 924.0 582.0 169.0 582.0 239.0 20.0 239.0 
1 4 0.57 0.57 924.0 6.0 924.0 582.0 169.0 582.0 239.0 20.0 239.0 259.0 51.0 259.0 
1 5 0.6 0.6 924.0 6.0 924.0 582.0 169.0 582.0 239.0 20.0 239.0 259.0 51.0 259.0 821.0 21.0 821.0 
1 2 0.85 0.85 131.0 98.0 131.0 222.0 23.0 222.0 
1 3 0.91 0.91 131.0 98.0 131.0 222.0 23.0 222.0 277.0 18.0 277.0 
1 4 0.92 0.92 131.0 98.0 131.0 222.0 23.0 222.0 277.0 18.0 277.0 183.0 1.0 183.0 
1 2 0.56 0.56 806.0 324.0 806.0 380.0 63.0 380.0 
1 3 0.98 0.98 806.0 324.0 806.0 380.0 63.0 380.0 343.0 144.0 343.0 
1 2 0.36 0.36 128.0 26.0 128.0 932.0 148.0 932.0 
1 3 0.67 0.67 128.0 26.0 128.0 932.0 148.0 932.0 430.0 133.0 430.0 
1 4 0.94 0.94 128.0 26.0 128.0 932.0 148.0 932.0 430.0 133.0 430.0 861.0 240.0 861.0 
1 2 0.53 0.53 510.0 251.0 510.0 350.0 15.0 350.0 
1 3 0.6 0.6 510.0 251.0 510.0 350.0 15.0 350.0 30.0 2.0 30.0 
1 2 0.29 0.29 32.0 2.0 32.0 422.0 97.0 422.0 
1 3 0.64 0.64 32.0 2.0 32.0 422.0 97.0 422.0 790.0 277.0 790.0 
1 2 0.42 0.42 574.0 61.0 574.0 82.0 26.0 82.0 
1 2 0.88 0.88 694.0 29.0 694.0 144.0 122.0 144.0 
1 3 0.99 0.99 694.0 29.0 694.0 144.0 122.0 144.0 244.0 27.0 244.0 
1 2 0.76 0.76 873.0 298.0 873.0 544.0 232.0 544.0 
1 2 0.3 0.3 542.0 107.0 542.0 493.0 53.0 493.0 
1 3 0.79 0.79 542.0 107.0 542.0 493.0 53.0 493.0 424.0 209.0 424.0 
1 4 0.83 0.83 542.0 107.0 542.0 493.0 53.0 493.0 424.0 209.0 424.0 261.0 9.0 261.0 
1 2 0.98 0.98 477.0 379.0 477.0 968.0 181.0 968.0 
1 2 0.77 0.77 956.0 396.0 956.0 417.0 151.0 417.0 
1 3 0.85 0.85 956.0 396.0 956.0 417.0 151.0 417.0 547.0 45.0 547.0 
1 2 0.9 0.9 964.0 414.0 964.0 163.0 77.0 163.0 
1 2 0.37 0.37 257.0 88.0 257.0 767.0 24.0 767.0 
1 3 0.73 0.73 257.0 88.0 257.0 767.0 24.0 767.0 577.0 211.0 577.0 
1 4 0.88 0.88 257.0 88.0 257.0 767.0 24.0 767.0 577.0 211.0 577.0 358.0 53.0 358.0 
1 5 0.89 0.89 257.0 88.0 257.0 767.0 24.0 767.0 577.0 211.0 577.0 358.0 53.0 358.0 644.0 6.0 644.0 
1 2 0.19 0.19 965.0 113.0 965.0 699.0 55.0 699.0 
1 3 0.47 0.47 965.0 113.0 965.0 699.0 55.0 699.0 517.0 144.0 517.0 
1 4 0.78 0.78 965.0 113.0 965.0 699.0 55.0 699.0 517.0 144.0 517.0 681.0 209.0 681.0 
1 2 0.96 0.96 851.0 150.0 851.0 210.0 165.0 210.0 
1 2 0.85 0.85 799.0 571.0 799.0 387.0 54.0 387.0 
1 2 0.32 0.32 863.0 30.0 863.0 699.0 205.0 699.0 
1 3 0.93 0.93 863.0 30.0 863.0 699.0 205.0 699.0 569.0 345.0 569.0 
1 2 0.75 0.75 763.0 238.0 763.0 515.0 226.0 515.0 
1 2 0.42 0.42 440.0 184.0 440.0 230.0 1.0 230.0 
1 3 0.77 0.77 440.0 184.0 440.0 230.0 1.0 230.0 109.0 38.0 109.0 
1 4 0.86 0.86 440.0 184.0 440.0 230.0 1.0 230.0 109.0 38.0 109.0 52.0 5.0 52.0 
1 2 0.71 0.71 244.0 83.0 244.0 534.0 202.0 534.0 
1 2 0.71 0.71 320.0 50.0 320.0 778.0 432.0 778.0 
1 3 0.94 0.94 320.0 50.0 320.0 778.0 432.0 778.0 652.0 153.0 652.0 
1 2 0.61 0.61 78.0 5.0 78.0 54.0 30.0 54.0 
1 3 0.84 0.84 78.0 5.0 78.0 54.0 30.0 54.0 293.0 67.0 293.0 
1 2 0.63 0.63 683.0 394.0 683.0 606.0 34.0 606.0 
1 3 0.72 0.72 683.0 394.0 683.0 606.0 34.0 606.0 610.0 57.0 610.0 
1 4 0.86 0.86 683.0 394.0 683.0 606.0 34.0 606.0 610.0 57.0 610.0 720.0 102.0 720.0 
1 2 0.31 0.31 377.0 84.0 377.0 239.0 23.0 239.0 
1 3 0.69 0.69 377.0 84.0 377.0 239.0 23.0 239.0 664.0 249.0 664.0 
1 4 0.83 0.83 377.0 84.0 377.0 239.0 23.0 239.0 664.0 249.0 664.0 162.0 23.0 162.0 
1 2 0.94 0.94 382.0 59.0 382.0 102.0 81.0 102.0 
1 2 0.5 0.5 712.0 241.0 712.0 229.0 37.0 229.0 
1 3 0.74 0.74 712.0 241.0 712.0 229.0 37.0 229.0 595.0 143.0 595.0 
1 2 0.31 0.31 535.0 81.0 535.0 392.0 64.0 392.0 
1 3 0.61 0.61 535.0 81.0 535.0 392.0 64.0 392.0 110.0 33.0 110.0 
1 4 0.66 0.66 535.0 81.0 535.0 392.0 64.0 392.0 110.0 33.0 110.0 178.0 9.0 178.0 
1 2 0.71 0.71 371.0 135.0 371.0 924.0 326.0 924.0 
1 2 0.65 0.65 428.0 125.0 428.0 880.0 318.0 880.0 
1 2 0.65 0.65 188.0 107.0 188.0 961.0 87.0 961.0 
1 2 0.86 0.86 176.0 29.0 176.0 583.0 411.0 583.0 
1 2 0.53 0.53 139.0 41.0 139.0 213.0 52.0 213.0 
1 2 0.53 0.53 797.0 81.0 797.0 697.0 300.0 697.0 
1 3 0.7 0.7 797.0 81.0 797.0 697.0 300.0 697.0 396.0 69.0 396.0 
1 4 0.81 0.81 797.0 81.0 797.0 697.0 300.0 697.0 396.0 69.0 396.0 218.0 23.0 218.0 
1 2 0.65 0.65 453.0 206.0 453.0 639.0 129.0 639.0 
1 3 0.71 0.71 453.0 206.0 453.0 639.0 129.0 639.0 731.0 42.0 731.0 
1 2 0.59 0.59 411.0 146.0 411.0 968.0 230.0 968.0 
1 2 0.95 0.95 761.0 600.0 761.0 889.0 152.0 889.0 
1 2 0.37 0.37 200.0 53.0 200.0 770.0 85.0 770.0 
1 3 0.5 0.5 200.0 53.0 200.0 770.0 85.0 770.0 291.0 38.0 291.0 
1 2 0.81 0.81 448.0 139.0 448.0 913.0 459.0 913.0 
1 2 0.48 0.48 402.0 13.0 402.0 835.0 382.0 835.0 
1 3 0.85 0.85 402.0 13.0 402.0 835.0 382.0 835.0 188.0 68.0 188.0 
1 2 0.79 0.79 987.0 357.0 987.0 478.0 207.0 478.0 
1 2 0.95 0.95 909.0 335.0 909.0 122.0 71.0 122.0 
1 2 0.84 0.84 105.0 68.0 105.0 488.0 96.0 488.0 
1 2 0.07 0.07 958.0 50.0 958.0 521.0 12.0 521.0 
1 3 0.39 0.39 958.0 50.0 958.0 521.0 12.0 521.0 792.0 252.0 792.0 
1 4 0.5 0.5 958.0 50.0 958.0 521.0 12.0 521.0 792.0 252.0 792.0 495.0 56.0 495.0 
1 5 0.6 0.6 958.0 50.0 958.0 521.0 12.0 521.0 792.0 252.0 792.0 495.0 56.0 495.0 799.0 77.0 799.0 
1 2 0.72 0.72 63.0 32.0 63.0 785.0 173.0 785.0 
1 2 0.54 0.54 894.0 367.0 894.0 894.0 118.0 894.0 
1 2 0.41 0.41 916.0 107.0 916.0 309.0 91.0 309.0 
1 3 0.51 0.51 916.0 107.0 916.0 309.0 91.0 309.0 123.0 13.0 123.0 
1 4 0.57 0.57 916.0 107.0 916.0 309.0 91.0 309.0 123.0 13.0 123.0 771.0 47.0 771.0 
1 5 0.65 0.65 916.0 107.0 916.0 309.0 91.0 309.0 123.0 13.0 123.0 771.0 47.0 771.0 222.0 16.0 222.0 
1 2 0.38 0.38 946.0 251.0 946.0 480.0 56.0 480.0 
1 3 0.78 0.78 946.0 251.0 946.0 480.0 56.0 480.0 561.0 227.0 561.0 
1 4 0.94 0.94 946.0 251.0 946.0 480.0 56.0 480.0 561.0 227.0 561.0 609.0 99.0 609.0 
1 2 0.88 0.88 9.0 6.0 9.0 455.0 100.0 455.0 
1 2 0.7 0.7 974.0 167.0 974.0 286.0 152.0 286.0 
1 2 0.91 0.91 17.0 5.0 17.0 723.0 449.0 723.0 
1 2 0.55 0.55 262.0 90.0 262.0 862.0 182.0 862.0 
1 2 0.36 0.36 474.0 23.0 474.0 85.0 27.0 85.0 
1 3 0.61 0.61 474.0 23.0 474.0 85.0 27.0 85.0 125.0 31.0 125.0 
1 4 0.75 0.75 474.0 23.0 474.0 85.0 27.0 85.0 125.0 31.0 125.0 176.0 25.0 176.0 
1 2 0.84 0.84 392.0 280.0 392.0 269.0 34.0 269.0 
1 2 0.79 0.79 18.0 7.0 18.0 911.0 373.0 911.0 
