1 2 0.25 0.25 201.0 37.0 201.0 273.0 20.0 273.0 
1 2 0.71 0.71 776.0 280.0 776.0 664.0 234.0 664.0 
1 3 0.97 0.97 776.0 280.0 776.0 664.0 234.0 664.0 529.0 141.0 529.0 
1 2 0.64 0.64 63.0 11.0 63.0 133.0 63.0 133.0 
1 2 0.64 0.64 480.0 261.0 480.0 479.0 47.0 479.0 
1 3 0.87 0.87 480.0 261.0 480.0 479.0 47.0 479.0 958.0 228.0 958.0 
1 2 0.43 0.43 115.0 46.0 115.0 556.0 20.0 556.0 
1 2 0.55 0.55 474.0 190.0 474.0 438.0 66.0 438.0 
1 2 0.89 0.89 751.0 264.0 751.0 313.0 169.0 313.0 
1 2 0.42 0.42 831.0 86.0 831.0 913.0 292.0 913.0 
1 2 0.98 0.98 499.0 178.0 499.0 295.0 185.0 295.0 
1 2 0.76 0.76 115.0 22.0 115.0 622.0 357.0 622.0 
1 2 0.64 0.64 812.0 4.0 812.0 245.0 156.0 245.0 
1 3 0.7 0.7 812.0 4.0 812.0 245.0 156.0 245.0 261.0 16.0 261.0 
1 2 0.39 0.39 707.0 74.0 707.0 200.0 58.0 200.0 
1 3 0.48 0.48 707.0 74.0 707.0 200.0 58.0 200.0 807.0 75.0 807.0 
1 2 0.78 0.78 991.0 441.0 991.0 899.0 308.0 899.0 
1 3 0.9 0.9 991.0 441.0 991.0 899.0 308.0 899.0 246.0 28.0 246.0 
1 2 0.96 0.96 509.0 217.0 509.0 510.0 275.0 510.0 
1 2 0.73 0.73 973.0 20.0 973.0 152.0 108.0 152.0 
1 2 0.56 0.56 767.0 304.0 767.0 24.0 4.0 24.0 
1 2 0.7 0.7 947.0 649.0 947.0 419.0 7.0 419.0 
1 2 0.97 0.97 517.0 222.0 517.0 538.0 293.0 538.0 
1 2 0.39 0.39 246.0 23.0 246.0 729.0 220.0 729.0 
1 2 0.71 0.71 317.0 124.0 317.0 577.0 184.0 577.0 
1 2 0.78 0.78 829.0 39.0 829.0 347.0 255.0 347.0 
1 2 0.55 0.55 966.0 271.0 966.0 270.0 75.0 270.0 
1 3 0.91 0.91 966.0 271.0 966.0 270.0 75.0 270.0 495.0 176.0 495.0 
1 2 0.7 0.7 708.0 182.0 708.0 467.0 209.0 467.0 
1 3 0.93 0.93 708.0 182.0 708.0 467.0 209.0 467.0 953.0 216.0 953.0 
1 2 0.82 0.82 546.0 402.0 546.0 120.0 11.0 120.0 
1 2 0.83 0.83 254.0 74.0 254.0 161.0 88.0 161.0 
1 2 0.05 0.05 851.0 12.0 851.0 703.0 31.0 703.0 
1 2 0.85 0.85 31.0 9.0 31.0 965.0 549.0 965.0 
1 2 0.45 0.45 324.0 98.0 324.0 255.0 40.0 255.0 
1 2 0.62 0.62 952.0 123.0 952.0 781.0 387.0 781.0 
1 3 0.95 0.95 952.0 123.0 952.0 781.0 387.0 781.0 383.0 128.0 383.0 
1 2 0.89 0.89 112.0 65.0 112.0 858.0 268.0 858.0 
1 2 0.99 0.99 590.0 163.0 590.0 65.0 47.0 65.0 
1 2 0.61 0.61 592.0 37.0 592.0 577.0 319.0 577.0 
1 3 0.95 0.95 592.0 37.0 592.0 577.0 319.0 577.0 787.0 264.0 787.0 
1 2 0.57 0.57 914.0 222.0 914.0 363.0 122.0 363.0 
1 2 0.2 0.2 221.0 40.0 221.0 597.0 12.0 597.0 
1 3 0.3 0.3 221.0 40.0 221.0 597.0 12.0 597.0 87.0 9.0 87.0 
1 4 0.61 0.61 221.0 40.0 221.0 597.0 12.0 597.0 87.0 9.0 87.0 909.0 281.0 909.0 
1 2 0.88 0.88 859.0 165.0 859.0 286.0 197.0 286.0 
1 2 0.89 0.89 340.0 247.0 340.0 104.0 18.0 104.0 
1 2 0.77 0.77 274.0 20.0 274.0 926.0 653.0 926.0 
1 2 0.68 0.68 931.0 77.0 931.0 82.0 49.0 82.0 
1 3 0.93 0.93 931.0 77.0 931.0 82.0 49.0 82.0 24.0 6.0 24.0 
1 2 0.76 0.76 827.0 342.0 827.0 192.0 68.0 192.0 
1 2 0.81 0.81 901.0 1.0 901.0 697.0 570.0 697.0 
1 2 0.22 0.22 331.0 60.0 331.0 863.0 41.0 863.0 
1 3 0.59 0.59 331.0 60.0 331.0 863.0 41.0 863.0 634.0 231.0 634.0 
1 2 0.82 0.82 797.0 282.0 797.0 359.0 169.0 359.0 
1 3 0.96 0.96 797.0 282.0 797.0 359.0 169.0 359.0 211.0 29.0 211.0 
1 2 0.46 0.46 290.0 1.0 290.0 686.0 314.0 686.0 
1 3 0.7 0.7 290.0 1.0 290.0 686.0 314.0 686.0 280.0 68.0 280.0 
1 4 0.73 0.73 290.0 1.0 290.0 686.0 314.0 686.0 280.0 68.0 280.0 697.0 19.0 697.0 
1 2 0.17 0.17 387.0 27.0 387.0 172.0 18.0 172.0 
1 2 0.53 0.53 994.0 41.0 994.0 978.0 483.0 978.0 
1 2 0.41 0.41 656.0 180.0 656.0 50.0 7.0 50.0 
1 3 0.91 0.91 656.0 180.0 656.0 50.0 7.0 50.0 569.0 286.0 569.0 
1 2 0.85 0.85 744.0 518.0 744.0 32.0 5.0 32.0 
1 2 0.62 0.62 900.0 159.0 900.0 253.0 114.0 253.0 
1 3 0.85 0.85 900.0 159.0 900.0 253.0 114.0 253.0 448.0 103.0 448.0 
1 2 0.71 0.71 282.0 81.0 282.0 685.0 296.0 685.0 
1 2 0.56 0.56 473.0 63.0 473.0 914.0 392.0 914.0 
1 2 0.9 0.9 806.0 143.0 806.0 440.0 322.0 440.0 
1 2 0.17 0.17 992.0 49.0 992.0 347.0 42.0 347.0 
1 3 0.83 0.83 992.0 49.0 992.0 347.0 42.0 347.0 9.0 6.0 9.0 
1 2 0.2 0.2 698.0 51.0 698.0 461.0 62.0 461.0 
1 3 0.22 0.22 698.0 51.0 698.0 461.0 62.0 461.0 442.0 6.0 442.0 
1 4 0.84 0.84 698.0 51.0 698.0 461.0 62.0 461.0 442.0 6.0 442.0 886.0 557.0 886.0 
1 2 0.97 0.97 114.0 64.0 114.0 374.0 153.0 374.0 
1 2 0.68 0.68 476.0 70.0 476.0 916.0 495.0 916.0 
1 2 0.88 0.88 652.0 137.0 652.0 799.0 540.0 799.0 
1 2 0.69 0.69 117.0 81.0 117.0 736.0 1.0 736.0 
1 3 0.94 0.94 117.0 81.0 117.0 736.0 1.0 736.0 256.0 64.0 256.0 
1 2 0.32 0.32 771.0 70.0 771.0 953.0 224.0 953.0 
1 2 0.78 0.78 444.0 60.0 444.0 162.0 106.0 162.0 
1 2 0.91 0.91 474.0 421.0 474.0 682.0 20.0 682.0 
1 2 0.42 0.42 277.0 116.0 277.0 371.0 4.0 371.0 
1 3 0.62 0.62 277.0 116.0 277.0 371.0 4.0 371.0 374.0 73.0 374.0 
1 2 0.95 0.95 603.0 264.0 603.0 591.0 306.0 591.0 
1 2 0.99 0.99 501.0 219.0 501.0 434.0 244.0 434.0 
1 2 0.81 0.81 356.0 63.0 356.0 954.0 604.0 954.0 
1 2 0.99 0.99 202.0 161.0 202.0 90.0 18.0 90.0 
1 2 0.35 0.35 933.0 3.0 933.0 916.0 318.0 916.0 
1 3 0.74 0.74 933.0 3.0 933.0 916.0 318.0 916.0 573.0 226.0 573.0 
1 4 0.93 0.93 933.0 3.0 933.0 916.0 318.0 916.0 573.0 226.0 573.0 792.0 149.0 792.0 
1 2 0.62 0.62 347.0 195.0 347.0 635.0 40.0 635.0 
1 3 0.74 0.74 347.0 195.0 347.0 635.0 40.0 635.0 543.0 66.0 543.0 
1 2 0.67 0.67 199.0 65.0 199.0 744.0 258.0 744.0 
1 2 0.45 0.45 530.0 155.0 530.0 484.0 78.0 484.0 
1 3 0.76 0.76 530.0 155.0 530.0 484.0 78.0 484.0 114.0 36.0 114.0 
1 2 0.83 0.83 746.0 439.0 746.0 4.0 1.0 4.0 
1 3 0.92 0.92 746.0 439.0 746.0 4.0 1.0 4.0 444.0 37.0 444.0 
1 2 0.59 0.59 25.0 8.0 25.0 476.0 129.0 476.0 
1 2 0.91 0.91 894.0 71.0 894.0 240.0 200.0 240.0 
1 3 0.97 0.97 894.0 71.0 894.0 240.0 200.0 240.0 530.0 33.0 530.0 
1 2 0.35 0.35 24.0 2.0 24.0 653.0 176.0 653.0 
1 2 0.75 0.75 363.0 3.0 363.0 4.0 3.0 4.0 
1 3 0.76 0.76 363.0 3.0 363.0 4.0 3.0 4.0 558.0 6.0 558.0 
1 4 0.95 0.95 363.0 3.0 363.0 4.0 3.0 4.0 558.0 6.0 558.0 315.0 58.0 315.0 
1 2 0.39 0.39 804.0 261.0 804.0 268.0 20.0 268.0 
1 3 0.62 0.62 804.0 261.0 804.0 268.0 20.0 268.0 526.0 117.0 526.0 
1 2 0.2 0.2 48.0 5.0 48.0 261.0 26.0 261.0 
1 3 0.66 0.66 48.0 5.0 48.0 261.0 26.0 261.0 101.0 47.0 101.0 
1 2 0.43 0.43 942.0 133.0 942.0 551.0 162.0 551.0 
1 3 0.44 0.44 942.0 133.0 942.0 551.0 162.0 551.0 973.0 10.0 973.0 
1 2 0.85 0.85 667.0 569.0 667.0 847.0 3.0 847.0 
1 2 0.71 0.71 232.0 155.0 232.0 385.0 17.0 385.0 
1 2 0.25 0.25 685.0 133.0 685.0 532.0 31.0 532.0 
1 3 0.91 0.91 685.0 133.0 685.0 532.0 31.0 532.0 689.0 454.0 689.0 
1 2 0.5 0.5 769.0 217.0 769.0 430.0 96.0 430.0 
1 2 0.99 0.99 71.0 63.0 71.0 800.0 86.0 800.0 
1 2 0.8 0.8 32.0 24.0 32.0 286.0 17.0 286.0 
1 2 0.94 0.94 249.0 161.0 249.0 127.0 38.0 127.0 
1 2 0.57 0.57 837.0 240.0 837.0 105.0 30.0 105.0 
1 2 0.3 0.3 242.0 34.0 242.0 805.0 134.0 805.0 
1 2 0.91 0.91 734.0 568.0 734.0 802.0 113.0 802.0 
1 2 0.08 0.08 245.0 14.0 245.0 995.0 28.0 995.0 
1 3 0.8 0.8 245.0 14.0 245.0 995.0 28.0 995.0 76.0 55.0 76.0 
1 2 0.72 0.72 511.0 360.0 511.0 681.0 15.0 681.0 
1 2 0.89 0.89 614.0 473.0 614.0 992.0 127.0 992.0 
1 2 0.99 0.99 121.0 72.0 121.0 30.0 12.0 30.0 
1 2 0.96 0.96 142.0 33.0 142.0 85.0 62.0 85.0 
1 2 0.89 0.89 759.0 322.0 759.0 764.0 358.0 764.0 
1 2 0.93 0.93 665.0 596.0 665.0 195.0 8.0 195.0 
1 2 0.92 0.92 14.0 8.0 14.0 985.0 353.0 985.0 
1 2 0.45 0.45 479.0 69.0 479.0 812.0 253.0 812.0 
1 3 0.76 0.76 479.0 69.0 479.0 812.0 253.0 812.0 678.0 207.0 678.0 
1 2 0.7 0.7 202.0 47.0 202.0 646.0 303.0 646.0 
1 2 0.99 0.99 222.0 180.0 222.0 278.0 51.0 278.0 
1 2 0.53 0.53 80.0 1.0 80.0 922.0 486.0 922.0 
1 3 0.89 0.89 80.0 1.0 80.0 922.0 486.0 922.0 862.0 309.0 862.0 
1 2 0.86 0.86 681.0 341.0 681.0 736.0 271.0 736.0 
1 2 0.89 0.89 75.0 61.0 75.0 661.0 51.0 661.0 
1 2 0.86 0.86 638.0 383.0 638.0 136.0 36.0 136.0 
1 2 0.98 0.98 164.0 91.0 164.0 467.0 201.0 467.0 
1 2 0.34 0.34 257.0 69.0 257.0 261.0 21.0 261.0 
1 3 0.68 0.68 257.0 69.0 257.0 261.0 21.0 261.0 231.0 78.0 231.0 
1 2 0.4 0.4 919.0 198.0 919.0 833.0 155.0 833.0 
1 2 0.89 0.89 851.0 409.0 851.0 346.0 145.0 346.0 
1 3 0.9 0.9 851.0 409.0 851.0 346.0 145.0 346.0 201.0 1.0 201.0 
1 2 0.92 0.92 11.0 3.0 11.0 437.0 285.0 437.0 
1 2 0.75 0.75 609.0 141.0 609.0 998.0 523.0 998.0 
1 2 0.61 0.61 305.0 41.0 305.0 635.0 306.0 635.0 
1 2 0.38 0.38 203.0 37.0 203.0 153.0 31.0 153.0 
1 3 0.82 0.82 203.0 37.0 203.0 153.0 31.0 153.0 9.0 4.0 9.0 
1 4 0.95 0.95 203.0 37.0 203.0 153.0 31.0 153.0 9.0 4.0 9.0 307.0 40.0 307.0 
1 2 0.27 0.27 209.0 29.0 209.0 202.0 27.0 202.0 
1 3 0.94 0.94 209.0 29.0 209.0 202.0 27.0 202.0 470.0 315.0 470.0 
1 2 0.88 0.88 311.0 117.0 311.0 619.0 316.0 619.0 
1 2 0.98 0.98 243.0 106.0 243.0 697.0 381.0 697.0 
1 2 0.82 0.82 854.0 194.0 854.0 516.0 308.0 516.0 
1 2 0.59 0.59 707.0 369.0 707.0 496.0 38.0 496.0 
1 3 0.6 0.6 707.0 369.0 707.0 496.0 38.0 496.0 110.0 1.0 110.0 
1 2 0.37 0.37 207.0 52.0 207.0 401.0 51.0 401.0 
1 2 0.49 0.49 255.0 57.0 255.0 909.0 251.0 909.0 
1 2 0.71 0.71 17.0 6.0 17.0 628.0 226.0 628.0 
1 3 0.8 0.8 17.0 6.0 17.0 628.0 226.0 628.0 268.0 25.0 268.0 
1 2 0.39 0.39 663.0 205.0 663.0 876.0 71.0 876.0 
1 2 0.62 0.62 927.0 246.0 927.0 22.0 8.0 22.0 
1 3 0.82 0.82 927.0 246.0 927.0 22.0 8.0 22.0 56.0 11.0 56.0 
1 2 0.9 0.9 997.0 551.0 997.0 969.0 342.0 969.0 
1 2 0.5 0.5 316.0 22.0 316.0 463.0 203.0 463.0 
1 2 0.9 0.9 404.0 169.0 404.0 719.0 347.0 719.0 
1 2 0.55 0.55 845.0 112.0 845.0 432.0 184.0 432.0 
1 3 0.73 0.73 845.0 112.0 845.0 432.0 184.0 432.0 362.0 65.0 362.0 
1 2 0.09 0.09 420.0 15.0 420.0 47.0 3.0 47.0 
1 3 0.74 0.74 420.0 15.0 420.0 47.0 3.0 47.0 809.0 524.0 809.0 
1 4 0.91 0.91 420.0 15.0 420.0 47.0 3.0 47.0 809.0 524.0 809.0 417.0 68.0 417.0 
1 2 0.82 0.82 828.0 476.0 828.0 51.0 13.0 51.0 
1 2 0.42 0.42 447.0 21.0 447.0 587.0 220.0 587.0 
1 3 0.71 0.71 447.0 21.0 447.0 587.0 220.0 587.0 934.0 272.0 934.0 
1 2 0.27 0.27 414.0 111.0 414.0 293.0 2.0 293.0 
1 3 0.54 0.54 414.0 111.0 414.0 293.0 2.0 293.0 229.0 62.0 229.0 
1 2 0.65 0.65 803.0 175.0 803.0 685.0 301.0 685.0 
1 2 0.56 0.56 417.0 103.0 417.0 997.0 318.0 997.0 
1 2 0.43 0.43 723.0 66.0 723.0 965.0 334.0 965.0 
1 2 0.14 0.14 553.0 57.0 553.0 290.0 12.0 290.0 
1 3 0.75 0.75 553.0 57.0 553.0 290.0 12.0 290.0 717.0 439.0 717.0 
1 2 0.51 0.51 253.0 116.0 253.0 670.0 41.0 670.0 
1 2 0.39 0.39 315.0 97.0 315.0 375.0 33.0 375.0 
1 2 0.76 0.76 513.0 217.0 513.0 764.0 264.0 764.0 
1 2 0.32 0.32 469.0 25.0 469.0 414.0 112.0 414.0 
1 3 0.88 0.88 469.0 25.0 469.0 414.0 112.0 414.0 876.0 492.0 876.0 
1 2 0.83 0.83 365.0 254.0 365.0 954.0 128.0 954.0 
1 2 0.42 0.42 620.0 154.0 620.0 137.0 24.0 137.0 
1 3 0.44 0.44 620.0 154.0 620.0 137.0 24.0 137.0 627.0 12.0 627.0 
1 4 0.74 0.74 620.0 154.0 620.0 137.0 24.0 137.0 627.0 12.0 627.0 317.0 97.0 317.0 
1 5 0.88 0.88 620.0 154.0 620.0 137.0 24.0 137.0 627.0 12.0 627.0 317.0 97.0 317.0 354.0 49.0 354.0 
1 2 0.76 0.76 847.0 487.0 847.0 228.0 44.0 228.0 
1 2 0.66 0.66 188.0 3.0 188.0 145.0 94.0 145.0 
1 2 0.94 0.94 899.0 790.0 899.0 30.0 2.0 30.0 
1 2 0.13 0.13 550.0 20.0 550.0 170.0 17.0 170.0 
1 3 0.97 0.97 550.0 20.0 550.0 170.0 17.0 170.0 314.0 264.0 314.0 
1 2 0.79 0.79 129.0 47.0 129.0 692.0 299.0 692.0 
1 2 0.73 0.73 824.0 501.0 824.0 130.0 17.0 130.0 
1 2 0.85 0.85 529.0 32.0 529.0 107.0 85.0 107.0 
1 2 0.82 0.82 289.0 19.0 289.0 309.0 234.0 309.0 
1 2 0.17 0.17 800.0 59.0 800.0 700.0 72.0 700.0 
1 3 0.78 0.78 800.0 59.0 800.0 700.0 72.0 700.0 319.0 195.0 319.0 
1 2 0.5 0.5 119.0 4.0 119.0 291.0 136.0 291.0 
1 3 0.79 0.79 119.0 4.0 119.0 291.0 136.0 291.0 722.0 209.0 722.0 
1 2 0.69 0.69 570.0 295.0 570.0 603.0 107.0 603.0 
1 2 0.93 0.93 324.0 217.0 324.0 421.0 112.0 421.0 
1 3 0.96 0.96 324.0 217.0 324.0 421.0 112.0 421.0 428.0 11.0 428.0 
1 2 0.13 0.13 625.0 16.0 625.0 819.0 93.0 819.0 
1 3 0.57 0.57 625.0 16.0 625.0 819.0 93.0 819.0 656.0 285.0 656.0 
1 2 0.36 0.36 602.0 122.0 602.0 750.0 123.0 750.0 
1 3 0.6 0.6 602.0 122.0 602.0 750.0 123.0 750.0 938.0 220.0 938.0 
1 4 0.94 0.94 602.0 122.0 602.0 750.0 123.0 750.0 938.0 220.0 938.0 952.0 328.0 952.0 
1 2 0.64 0.64 713.0 153.0 713.0 796.0 341.0 796.0 
1 2 0.48 0.48 737.0 320.0 737.0 382.0 21.0 382.0 
1 2 0.98 0.98 784.0 296.0 784.0 604.0 367.0 604.0 
1 2 0.89 0.89 587.0 307.0 587.0 125.0 47.0 125.0 
1 2 0.96 0.96 633.0 220.0 633.0 688.0 423.0 688.0 
1 3 0.99 0.99 633.0 220.0 633.0 688.0 423.0 688.0 567.0 17.0 567.0 
1 2 0.89 0.89 600.0 37.0 600.0 147.0 123.0 147.0 
1 2 0.77 0.77 468.0 9.0 468.0 291.0 219.0 291.0 
1 2 0.42 0.42 194.0 55.0 194.0 137.0 19.0 137.0 
1 2 0.76 0.76 438.0 84.0 438.0 14.0 8.0 14.0 
1 3 0.9 0.9 438.0 84.0 438.0 14.0 8.0 14.0 255.0 36.0 255.0 
1 2 0.77 0.77 148.0 114.0 148.0 828.0 6.0 828.0 
1 2 0.76 0.76 504.0 255.0 504.0 499.0 131.0 499.0 
1 2 0.73 0.73 381.0 149.0 381.0 130.0 45.0 130.0 
1 3 0.91 0.91 381.0 149.0 381.0 130.0 45.0 130.0 688.0 120.0 688.0 
1 2 0.42 0.42 283.0 5.0 283.0 974.0 399.0 974.0 
1 3 0.97 0.97 283.0 5.0 283.0 974.0 399.0 974.0 241.0 133.0 241.0 
1 2 0.84 0.84 836.0 129.0 836.0 726.0 503.0 726.0 
1 2 0.61 0.61 436.0 173.0 436.0 28.0 6.0 28.0 
1 2 0.39 0.39 443.0 32.0 443.0 329.0 105.0 329.0 
1 2 0.14 0.14 971.0 19.0 971.0 502.0 65.0 502.0 
1 3 0.16 0.16 971.0 19.0 971.0 502.0 65.0 502.0 358.0 7.0 358.0 
1 4 0.85 0.85 971.0 19.0 971.0 502.0 65.0 502.0 358.0 7.0 358.0 362.0 248.0 362.0 
1 2 0.57 0.57 143.0 80.0 143.0 296.0 6.0 296.0 
1 2 0.62 0.62 815.0 246.0 815.0 456.0 149.0 456.0 
1 2 0.71 0.71 806.0 401.0 806.0 246.0 53.0 246.0 
1 3 0.93 0.93 806.0 401.0 806.0 246.0 53.0 246.0 313.0 69.0 313.0 
1 2 0.79 0.79 177.0 50.0 177.0 790.0 407.0 790.0 
1 2 0.81 0.81 82.0 16.0 82.0 287.0 179.0 287.0 
1 2 0.45 0.45 172.0 28.0 172.0 820.0 242.0 820.0 
1 2 0.33 0.33 91.0 6.0 91.0 97.0 26.0 97.0 
1 2 0.73 0.73 632.0 151.0 632.0 622.0 311.0 622.0 
1 2 0.64 0.64 285.0 182.0 285.0 287.0 1.0 287.0 
1 2 0.72 0.72 832.0 367.0 832.0 942.0 270.0 942.0 
1 2 0.28 0.28 601.0 123.0 601.0 812.0 62.0 812.0 
1 2 0.8 0.8 31.0 16.0 31.0 855.0 247.0 855.0 
1 2 0.62 0.62 846.0 216.0 846.0 486.0 181.0 486.0 
1 3 0.98 0.98 846.0 216.0 846.0 486.0 181.0 486.0 976.0 346.0 976.0 
1 2 0.44 0.44 304.0 4.0 304.0 346.0 150.0 346.0 
1 3 0.45 0.45 304.0 4.0 304.0 346.0 150.0 346.0 117.0 1.0 117.0 
1 2 0.78 0.78 383.0 13.0 383.0 797.0 595.0 797.0 
1 2 0.77 0.77 334.0 164.0 334.0 143.0 40.0 143.0 
1 2 0.14 0.14 826.0 104.0 826.0 466.0 11.0 466.0 
1 3 0.94 0.94 826.0 104.0 826.0 466.0 11.0 466.0 990.0 792.0 990.0 
1 2 0.78 0.78 977.0 458.0 977.0 540.0 170.0 540.0 
1 3 0.85 0.85 977.0 458.0 977.0 540.0 170.0 540.0 763.0 54.0 763.0 
1 2 0.61 0.61 258.0 38.0 258.0 436.0 204.0 436.0 
1 3 0.67 0.67 258.0 38.0 258.0 436.0 204.0 436.0 93.0 6.0 93.0 
1 4 0.91 0.91 258.0 38.0 258.0 436.0 204.0 436.0 93.0 6.0 93.0 654.0 151.0 654.0 
1 5 0.96 0.96 258.0 38.0 258.0 436.0 204.0 436.0 93.0 6.0 93.0 654.0 151.0 654.0 638.0 32.0 638.0 
1 2 0.67 0.67 682.0 243.0 682.0 728.0 234.0 728.0 
1 2 0.81 0.81 956.0 18.0 956.0 878.0 697.0 878.0 
1 2 0.88 0.88 744.0 625.0 744.0 146.0 6.0 146.0 
1 2 0.73 0.73 95.0 31.0 95.0 159.0 65.0 159.0 
1 2 0.56 0.56 285.0 113.0 285.0 642.0 110.0 642.0 
1 2 0.95 0.95 911.0 513.0 911.0 962.0 379.0 962.0 
1 2 0.71 0.71 258.0 140.0 258.0 786.0 138.0 786.0 
1 2 0.46 0.46 610.0 2.0 610.0 921.0 424.0 921.0 
1 3 0.76 0.76 610.0 2.0 610.0 921.0 424.0 921.0 629.0 192.0 629.0 
1 2 0.57 0.57 591.0 264.0 591.0 793.0 99.0 793.0 
1 3 0.81 0.81 591.0 264.0 591.0 793.0 99.0 793.0 749.0 184.0 749.0 
1 2 0.61 0.61 339.0 149.0 339.0 474.0 83.0 474.0 
1 2 0.89 0.89 975.0 871.0 975.0 735.0 2.0 735.0 
1 2 0.69 0.69 545.0 145.0 545.0 939.0 403.0 939.0 
1 3 0.9 0.9 545.0 145.0 545.0 939.0 403.0 939.0 14.0 3.0 14.0 
1 2 0.95 0.95 49.0 25.0 49.0 848.0 378.0 848.0 
1 3 0.97 0.97 49.0 25.0 49.0 848.0 378.0 848.0 115.0 2.0 115.0 
1 2 0.77 0.77 183.0 112.0 183.0 429.0 72.0 429.0 
1 3 0.91 0.91 183.0 112.0 183.0 429.0 72.0 429.0 370.0 51.0 370.0 
1 2 0.76 0.76 513.0 366.0 513.0 602.0 33.0 602.0 
1 2 0.9 0.9 622.0 112.0 622.0 728.0 531.0 728.0 
1 2 0.7 0.7 463.0 200.0 463.0 815.0 219.0 815.0 
1 2 0.48 0.48 540.0 188.0 540.0 802.0 109.0 802.0 
1 2 0.85 0.85 186.0 77.0 186.0 681.0 302.0 681.0 
1 2 0.69 0.69 698.0 475.0 698.0 104.0 1.0 104.0 
1 2 0.46 0.46 771.0 359.0 771.0 650.0 2.0 650.0 
1 3 0.88 0.88 771.0 359.0 771.0 650.0 2.0 650.0 788.0 327.0 788.0 
1 2 0.87 0.87 302.0 21.0 302.0 801.0 643.0 801.0 
1 2 0.96 0.96 199.0 64.0 199.0 458.0 293.0 458.0 
1 2 0.14 0.14 417.0 43.0 417.0 568.0 21.0 568.0 
1 3 0.71 0.71 417.0 43.0 417.0 568.0 21.0 568.0 182.0 104.0 182.0 
1 4 0.8 0.8 417.0 43.0 417.0 568.0 21.0 568.0 182.0 104.0 182.0 573.0 55.0 573.0 
1 5 0.84 0.84 417.0 43.0 417.0 568.0 21.0 568.0 182.0 104.0 182.0 573.0 55.0 573.0 202.0 7.0 202.0 
1 6 0.93 0.93 417.0 43.0 417.0 568.0 21.0 568.0 182.0 104.0 182.0 573.0 55.0 573.0 202.0 7.0 202.0 864.0 82.0 864.0 
1 2 0.8 0.8 106.0 57.0 106.0 87.0 23.0 87.0 
1 3 0.95 0.95 106.0 57.0 106.0 87.0 23.0 87.0 880.0 137.0 880.0 
1 2 0.39 0.39 415.0 22.0 415.0 869.0 293.0 869.0 
1 3 0.96 0.96 415.0 22.0 415.0 869.0 293.0 869.0 875.0 499.0 875.0 
1 2 0.83 0.83 149.0 12.0 149.0 968.0 726.0 968.0 
1 2 0.24 0.24 220.0 30.0 220.0 785.0 89.0 785.0 
1 2 0.76 0.76 378.0 20.0 378.0 267.0 189.0 267.0 
1 2 0.96 0.96 411.0 166.0 411.0 231.0 130.0 231.0 
1 2 0.78 0.78 275.0 158.0 275.0 834.0 176.0 834.0 
1 2 0.42 0.42 342.0 19.0 342.0 479.0 175.0 479.0 
1 3 0.87 0.87 342.0 19.0 342.0 479.0 175.0 479.0 228.0 104.0 228.0 
1 2 0.4 0.4 858.0 144.0 858.0 537.0 126.0 537.0 
1 2 0.73 0.73 37.0 12.0 37.0 867.0 358.0 867.0 
1 3 0.9 0.9 37.0 12.0 37.0 867.0 358.0 867.0 96.0 16.0 96.0 
1 2 0.96 0.96 609.0 13.0 609.0 929.0 881.0 929.0 
1 2 0.83 0.83 712.0 375.0 712.0 898.0 274.0 898.0 
1 2 0.73 0.73 802.0 300.0 802.0 572.0 208.0 572.0 
1 2 0.67 0.67 545.0 77.0 545.0 618.0 331.0 618.0 
1 2 0.63 0.63 514.0 78.0 514.0 902.0 435.0 902.0 
1 2 0.81 0.81 758.0 435.0 758.0 508.0 122.0 508.0 
1 2 0.94 0.94 336.0 66.0 336.0 516.0 386.0 516.0 
1 2 0.47 0.47 928.0 77.0 928.0 717.0 284.0 717.0 
1 3 0.6 0.6 928.0 77.0 928.0 717.0 284.0 717.0 652.0 84.0 652.0 
1 2 0.99 0.99 726.0 555.0 726.0 554.0 129.0 554.0 
1 2 0.95 0.95 51.0 41.0 51.0 920.0 143.0 920.0 
1 2 0.67 0.67 988.0 324.0 988.0 250.0 87.0 250.0 
1 2 0.33 0.33 92.0 15.0 92.0 569.0 100.0 569.0 
1 3 0.5 0.5 92.0 15.0 92.0 569.0 100.0 569.0 833.0 139.0 833.0 
1 2 0.8 0.8 794.0 226.0 794.0 154.0 80.0 154.0 
1 2 0.77 0.77 926.0 603.0 926.0 627.0 77.0 627.0 
1 3 0.94 0.94 926.0 603.0 926.0 627.0 77.0 627.0 139.0 24.0 139.0 
1 2 0.44 0.44 217.0 5.0 217.0 473.0 201.0 473.0 
1 2 0.49 0.49 752.0 338.0 752.0 591.0 24.0 591.0 
1 3 0.86 0.86 752.0 338.0 752.0 591.0 24.0 591.0 774.0 293.0 774.0 
1 2 0.79 0.79 388.0 267.0 388.0 430.0 45.0 430.0 
1 2 0.32 0.32 21.0 3.0 21.0 326.0 60.0 326.0 
1 3 0.55 0.55 21.0 3.0 21.0 326.0 60.0 326.0 642.0 148.0 642.0 
1 4 0.61 0.61 21.0 3.0 21.0 326.0 60.0 326.0 642.0 148.0 642.0 133.0 8.0 133.0 
1 5 0.81 0.81 21.0 3.0 21.0 326.0 60.0 326.0 642.0 148.0 642.0 133.0 8.0 133.0 522.0 102.0 522.0 
1 2 0.65 0.65 996.0 609.0 996.0 981.0 42.0 981.0 
1 3 0.8 0.8 996.0 609.0 996.0 981.0 42.0 981.0 734.0 108.0 734.0 
1 2 0.65 0.65 117.0 47.0 117.0 583.0 147.0 583.0 
1 2 0.69 0.69 767.0 369.0 767.0 90.0 19.0 90.0 
1 3 0.86 0.86 767.0 369.0 767.0 90.0 19.0 90.0 448.0 76.0 448.0 
1 2 0.08 0.08 994.0 23.0 994.0 957.0 59.0 957.0 
1 3 0.51 0.51 994.0 23.0 994.0 957.0 59.0 957.0 21.0 9.0 21.0 
1 4 0.89 0.89 994.0 23.0 994.0 957.0 59.0 957.0 21.0 9.0 21.0 171.0 66.0 171.0 
1 2 0.66 0.66 662.0 33.0 662.0 88.0 54.0 88.0 
1 2 0.3 0.3 733.0 71.0 733.0 245.0 52.0 245.0 
1 3 0.91 0.91 733.0 71.0 733.0 245.0 52.0 245.0 981.0 596.0 981.0 
1 2 0.74 0.74 588.0 370.0 588.0 721.0 81.0 721.0 
1 2 0.95 0.95 945.0 545.0 945.0 299.0 112.0 299.0 
1 3 0.99 0.99 945.0 545.0 945.0 299.0 112.0 299.0 329.0 16.0 329.0 
1 2 0.71 0.71 559.0 355.0 559.0 12.0 1.0 12.0 
1 2 0.65 0.65 343.0 8.0 343.0 221.0 139.0 221.0 
1 2 0.85 0.85 515.0 200.0 515.0 60.0 28.0 60.0 
1 2 0.55 0.55 742.0 11.0 742.0 423.0 227.0 423.0 
1 2 0.57 0.57 553.0 296.0 553.0 883.0 34.0 883.0 
1 3 0.93 0.93 553.0 296.0 553.0 883.0 34.0 883.0 375.0 137.0 375.0 
1 2 0.7 0.7 715.0 184.0 715.0 468.0 211.0 468.0 
1 2 0.37 0.37 597.0 202.0 597.0 567.0 21.0 567.0 
1 3 0.72 0.72 597.0 202.0 597.0 567.0 21.0 567.0 946.0 330.0 946.0 
1 4 0.81 0.81 597.0 202.0 597.0 567.0 21.0 567.0 946.0 330.0 946.0 922.0 81.0 922.0 
1 2 0.56 0.56 80.0 17.0 80.0 159.0 56.0 159.0 
1 2 0.9 0.9 420.0 109.0 420.0 503.0 326.0 503.0 
1 2 0.56 0.56 380.0 12.0 380.0 554.0 298.0 554.0 
1 2 0.85 0.85 408.0 218.0 408.0 91.0 29.0 91.0 
1 2 0.94 0.94 688.0 348.0 688.0 327.0 142.0 327.0 
1 2 0.84 0.84 643.0 303.0 643.0 590.0 220.0 590.0 
1 2 0.77 0.77 98.0 25.0 98.0 817.0 428.0 817.0 
1 2 0.16 0.16 697.0 14.0 697.0 127.0 19.0 127.0 
1 2 0.83 0.83 124.0 81.0 124.0 720.0 131.0 720.0 
1 2 0.97 0.97 718.0 688.0 718.0 491.0 10.0 491.0 
1 2 0.63 0.63 473.0 249.0 473.0 546.0 60.0 546.0 
1 2 0.92 0.92 517.0 300.0 517.0 76.0 26.0 76.0 
1 2 0.67 0.67 966.0 421.0 966.0 794.0 188.0 794.0 
1 3 0.73 0.73 966.0 421.0 966.0 794.0 188.0 794.0 16.0 1.0 16.0 
1 2 0.75 0.75 986.0 678.0 986.0 831.0 58.0 831.0 
1 3 0.79 0.79 986.0 678.0 986.0 831.0 58.0 831.0 970.0 39.0 970.0 
1 4 0.89 0.89 986.0 678.0 986.0 831.0 58.0 831.0 970.0 39.0 970.0 62.0 6.0 62.0 
1 2 0.94 0.94 313.0 119.0 313.0 206.0 117.0 206.0 
1 3 0.98 0.98 313.0 119.0 313.0 206.0 117.0 206.0 29.0 1.0 29.0 
1 2 0.8 0.8 678.0 387.0 678.0 265.0 61.0 265.0 
1 2 0.81 0.81 501.0 270.0 501.0 420.0 116.0 420.0 
1 2 0.67 0.67 482.0 282.0 482.0 309.0 28.0 309.0 
1 2 0.73 0.73 937.0 372.0 937.0 554.0 185.0 554.0 
1 2 0.8 0.8 435.0 318.0 435.0 666.0 51.0 666.0 
1 2 0.95 0.95 511.0 196.0 511.0 859.0 494.0 859.0 
1 2 0.22 0.22 427.0 78.0 427.0 915.0 38.0 915.0 
1 3 0.42 0.42 427.0 78.0 427.0 915.0 38.0 915.0 455.0 93.0 455.0 
1 2 0.62 0.62 232.0 101.0 232.0 391.0 73.0 391.0 
1 2 0.83 0.83 481.0 203.0 481.0 950.0 388.0 950.0 
1 3 0.91 0.91 481.0 203.0 481.0 950.0 388.0 950.0 190.0 16.0 190.0 
1 2 0.49 0.49 250.0 110.0 250.0 196.0 11.0 196.0 
1 3 0.85 0.85 250.0 110.0 250.0 196.0 11.0 196.0 428.0 153.0 428.0 
1 2 0.39 0.39 890.0 68.0 890.0 325.0 104.0 325.0 
1 3 0.91 0.91 890.0 68.0 890.0 325.0 104.0 325.0 774.0 398.0 774.0 
1 2 0.72 0.72 199.0 13.0 199.0 836.0 553.0 836.0 
1 2 0.52 0.52 575.0 240.0 575.0 286.0 31.0 286.0 
1 2 0.21 0.21 594.0 100.0 594.0 215.0 11.0 215.0 
1 3 0.71 0.71 594.0 100.0 594.0 215.0 11.0 215.0 380.0 190.0 380.0 
1 2 0.81 0.81 85.0 45.0 85.0 806.0 234.0 806.0 
1 2 0.68 0.68 837.0 237.0 837.0 5.0 2.0 5.0 
1 3 0.89 0.89 837.0 237.0 837.0 5.0 2.0 5.0 47.0 10.0 47.0 
1 2 0.31 0.31 500.0 89.0 500.0 297.0 40.0 297.0 
1 2 0.87 0.87 242.0 106.0 242.0 855.0 375.0 855.0 
1 3 0.89 0.89 242.0 106.0 242.0 855.0 375.0 855.0 908.0 13.0 908.0 
1 2 0.8 0.8 425.0 47.0 425.0 973.0 672.0 973.0 
1 2 0.36 0.36 550.0 186.0 550.0 397.0 9.0 397.0 
1 2 0.69 0.69 925.0 457.0 925.0 754.0 153.0 754.0 
1 2 0.92 0.92 509.0 29.0 509.0 68.0 59.0 68.0 
1 2 0.81 0.81 277.0 42.0 277.0 624.0 416.0 624.0 
1 2 0.5 0.5 947.0 326.0 947.0 569.0 90.0 569.0 
1 2 0.65 0.65 147.0 66.0 147.0 155.0 32.0 155.0 
1 3 0.83 0.83 147.0 66.0 147.0 155.0 32.0 155.0 256.0 45.0 256.0 
1 2 0.27 0.27 906.0 66.0 906.0 386.0 79.0 386.0 
1 3 0.55 0.55 906.0 66.0 906.0 386.0 79.0 386.0 898.0 248.0 898.0 
1 2 0.81 0.81 488.0 364.0 488.0 215.0 14.0 215.0 
1 2 0.35 0.35 963.0 266.0 963.0 565.0 43.0 565.0 
1 3 0.53 0.53 963.0 266.0 963.0 565.0 43.0 565.0 913.0 169.0 913.0 
1 2 0.94 0.94 438.0 126.0 438.0 715.0 472.0 715.0 
1 2 0.66 0.66 65.0 28.0 65.0 572.0 136.0 572.0 
1 2 0.39 0.39 24.0 3.0 24.0 873.0 234.0 873.0 
1 3 0.64 0.64 24.0 3.0 24.0 873.0 234.0 873.0 554.0 140.0 554.0 
1 4 0.81 0.81 24.0 3.0 24.0 873.0 234.0 873.0 554.0 140.0 554.0 23.0 4.0 23.0 
1 2 0.76 0.76 303.0 19.0 303.0 924.0 651.0 924.0 
1 2 0.83 0.83 963.0 176.0 963.0 483.0 315.0 483.0 
1 2 0.79 0.79 576.0 224.0 576.0 766.0 308.0 766.0 
1 2 0.18 0.18 49.0 4.0 49.0 497.0 52.0 497.0 
1 2 0.57 0.57 928.0 197.0 928.0 653.0 240.0 653.0 
1 2 0.92 0.92 139.0 121.0 139.0 229.0 13.0 229.0 
1 2 0.92 0.92 671.0 578.0 671.0 754.0 47.0 754.0 
1 2 0.32 0.32 545.0 161.0 545.0 113.0 3.0 113.0 
1 3 0.69 0.69 545.0 161.0 545.0 113.0 3.0 113.0 757.0 283.0 757.0 
1 2 0.87 0.87 55.0 32.0 55.0 295.0 87.0 295.0 
1 3 0.97 0.97 55.0 32.0 55.0 295.0 87.0 295.0 825.0 84.0 825.0 
1 2 0.51 0.51 261.0 72.0 261.0 136.0 33.0 136.0 
1 3 0.93 0.93 261.0 72.0 261.0 136.0 33.0 136.0 616.0 258.0 616.0 
1 2 0.67 0.67 807.0 337.0 807.0 703.0 183.0 703.0 
1 2 0.47 0.47 454.0 44.0 454.0 576.0 215.0 576.0 
1 2 0.87 0.87 289.0 181.0 289.0 72.0 18.0 72.0 
1 3 0.99 0.99 289.0 181.0 289.0 72.0 18.0 72.0 751.0 88.0 751.0 
1 2 0.93 0.93 275.0 247.0 275.0 263.0 10.0 263.0 
1 3 0.99 0.99 275.0 247.0 275.0 263.0 10.0 263.0 446.0 28.0 446.0 
1 2 0.39 0.39 171.0 29.0 171.0 356.0 80.0 356.0 
1 2 0.84 0.84 459.0 143.0 459.0 730.0 392.0 730.0 
1 3 0.99 0.99 459.0 143.0 459.0 730.0 392.0 730.0 462.0 66.0 462.0 
1 2 0.91 0.91 588.0 397.0 588.0 752.0 184.0 752.0 
1 2 0.74 0.74 573.0 115.0 573.0 381.0 207.0 381.0 
1 2 0.4 0.4 295.0 115.0 295.0 515.0 8.0 515.0 
1 3 0.62 0.62 295.0 115.0 295.0 515.0 8.0 515.0 301.0 67.0 301.0 
1 2 0.83 0.83 87.0 28.0 87.0 66.0 34.0 66.0 
1 2 0.29 0.29 542.0 124.0 542.0 872.0 62.0 872.0 
1 3 0.96 0.96 542.0 124.0 542.0 872.0 62.0 872.0 103.0 69.0 103.0 
1 2 0.55 0.55 22.0 7.0 22.0 964.0 228.0 964.0 
1 3 0.9 0.9 22.0 7.0 22.0 964.0 228.0 964.0 613.0 215.0 613.0 
1 2 0.8 0.8 405.0 135.0 405.0 889.0 422.0 889.0 
1 2 0.78 0.78 169.0 131.0 169.0 819.0 9.0 819.0 
1 2 0.15 0.15 235.0 32.0 235.0 780.0 16.0 780.0 
1 3 0.36 0.36 235.0 32.0 235.0 780.0 16.0 780.0 113.0 23.0 113.0 
1 4 0.94 0.94 235.0 32.0 235.0 780.0 16.0 780.0 113.0 23.0 113.0 880.0 515.0 880.0 
1 2 0.93 0.93 747.0 107.0 747.0 673.0 532.0 673.0 
1 2 0.45 0.45 974.0 46.0 974.0 481.0 196.0 481.0 
1 2 0.79 0.79 930.0 271.0 930.0 38.0 19.0 38.0 
1 3 0.79 0.79 930.0 271.0 930.0 38.0 19.0 38.0 999.0 6.0 999.0 
1 2 0.12 0.12 473.0 43.0 473.0 506.0 19.0 506.0 
1 3 0.76 0.76 473.0 43.0 473.0 506.0 19.0 506.0 263.0 167.0 263.0 
1 2 0.86 0.86 82.0 57.0 82.0 6.0 1.0 6.0 
1 2 0.04 0.04 621.0 13.0 621.0 43.0 1.0 43.0 
1 3 0.65 0.65 621.0 13.0 621.0 43.0 1.0 43.0 791.0 482.0 791.0 
1 2 0.63 0.63 513.0 129.0 513.0 89.0 34.0 89.0 
1 3 0.84 0.84 513.0 129.0 513.0 89.0 34.0 89.0 673.0 142.0 673.0 
1 2 0.89 0.89 817.0 578.0 817.0 158.0 29.0 158.0 
1 2 0.61 0.61 915.0 434.0 915.0 535.0 73.0 535.0 
1 2 0.98 0.98 2.0 1.0 2.0 440.0 215.0 440.0 
1 2 0.95 0.95 317.0 19.0 317.0 531.0 475.0 531.0 
1 2 0.29 0.29 592.0 137.0 592.0 73.0 5.0 73.0 
1 3 0.9 0.9 592.0 137.0 592.0 73.0 5.0 73.0 325.0 197.0 325.0 
1 4 0.97 0.97 592.0 137.0 592.0 73.0 5.0 73.0 325.0 197.0 325.0 958.0 68.0 958.0 
1 2 0.39 0.39 496.0 152.0 496.0 807.0 72.0 807.0 
1 3 0.46 0.46 496.0 152.0 496.0 807.0 72.0 807.0 72.0 5.0 72.0 
1 4 0.49 0.49 496.0 152.0 496.0 807.0 72.0 807.0 72.0 5.0 72.0 355.0 12.0 355.0 
1 2 0.39 0.39 990.0 8.0 990.0 838.0 322.0 838.0 
1 3 0.42 0.42 990.0 8.0 990.0 838.0 322.0 838.0 517.0 16.0 517.0 
1 2 0.69 0.69 126.0 67.0 126.0 101.0 16.0 101.0 
1 2 0.93 0.93 380.0 136.0 380.0 68.0 39.0 68.0 
1 2 0.83 0.83 773.0 50.0 773.0 360.0 277.0 360.0 
1 2 0.68 0.68 798.0 454.0 798.0 753.0 89.0 753.0 
1 2 0.82 0.82 789.0 390.0 789.0 126.0 42.0 126.0 
1 2 0.52 0.52 474.0 189.0 474.0 203.0 25.0 203.0 
1 2 0.91 0.91 395.0 320.0 395.0 298.0 30.0 298.0 
1 2 0.99 0.99 725.0 688.0 725.0 65.0 3.0 65.0 
1 2 0.87 0.87 832.0 523.0 832.0 869.0 215.0 869.0 
1 2 0.92 0.92 138.0 7.0 138.0 913.0 801.0 913.0 
1 2 0.94 0.94 812.0 691.0 812.0 65.0 6.0 65.0 
1 2 0.78 0.78 19.0 5.0 19.0 919.0 482.0 919.0 
1 2 0.52 0.52 924.0 272.0 924.0 634.0 147.0 634.0 
1 3 0.83 0.83 924.0 272.0 924.0 634.0 147.0 634.0 935.0 286.0 935.0 
1 2 0.56 0.56 47.0 1.0 47.0 76.0 41.0 76.0 
1 2 0.82 0.82 165.0 86.0 165.0 770.0 235.0 770.0 
1 2 0.74 0.74 242.0 30.0 242.0 139.0 86.0 139.0 
1 2 0.25 0.25 791.0 9.0 791.0 349.0 86.0 349.0 
1 3 0.91 0.91 791.0 9.0 791.0 349.0 86.0 349.0 549.0 363.0 549.0 
1 2 0.48 0.48 564.0 186.0 564.0 203.0 31.0 203.0 
1 2 0.37 0.37 203.0 55.0 203.0 685.0 72.0 685.0 
1 2 0.76 0.76 644.0 368.0 644.0 36.0 7.0 36.0 
1 3 0.81 0.81 644.0 368.0 644.0 36.0 7.0 36.0 443.0 21.0 443.0 
1 2 0.34 0.34 498.0 108.0 498.0 713.0 94.0 713.0 
1 3 0.7 0.7 498.0 108.0 498.0 713.0 94.0 713.0 383.0 137.0 383.0 
1 2 0.95 0.95 65.0 48.0 65.0 410.0 87.0 410.0 
1 2 0.69 0.69 612.0 387.0 612.0 84.0 5.0 84.0 
1 2 0.98 0.98 164.0 26.0 164.0 950.0 785.0 950.0 
1 2 0.97 0.97 580.0 564.0 580.0 189.0 1.0 189.0 
1 2 0.37 0.37 317.0 96.0 317.0 415.0 32.0 415.0 
1 3 0.75 0.75 317.0 96.0 317.0 415.0 32.0 415.0 845.0 313.0 845.0 
1 2 0.58 0.58 471.0 99.0 471.0 170.0 64.0 170.0 
1 2 0.66 0.66 123.0 2.0 123.0 948.0 614.0 948.0 
1 2 0.74 0.74 749.0 478.0 749.0 522.0 57.0 522.0 
1 2 0.91 0.91 609.0 65.0 609.0 430.0 348.0 430.0 
1 2 0.68 0.68 288.0 11.0 288.0 788.0 511.0 788.0 
1 2 0.57 0.57 649.0 210.0 649.0 196.0 50.0 196.0 
1 2 0.77 0.77 466.0 205.0 466.0 75.0 25.0 75.0 
1 2 0.62 0.62 362.0 215.0 362.0 290.0 8.0 290.0 
1 2 0.44 0.44 347.0 31.0 347.0 499.0 178.0 499.0 
1 3 0.65 0.65 347.0 31.0 347.0 499.0 178.0 499.0 291.0 62.0 291.0 
1 2 0.62 0.62 110.0 40.0 110.0 340.0 89.0 340.0 
1 3 0.76 0.76 110.0 40.0 110.0 340.0 89.0 340.0 87.0 12.0 87.0 
1 2 0.99 0.99 689.0 428.0 689.0 61.0 23.0 61.0 
1 2 0.71 0.71 684.0 17.0 684.0 106.0 73.0 106.0 
1 2 0.61 0.61 345.0 70.0 345.0 776.0 319.0 776.0 
1 2 0.83 0.83 62.0 1.0 62.0 519.0 426.0 519.0 
1 3 0.95 0.95 62.0 1.0 62.0 519.0 426.0 519.0 234.0 27.0 234.0 
1 2 0.16 0.16 786.0 109.0 786.0 595.0 18.0 595.0 
1 3 0.69 0.69 786.0 109.0 786.0 595.0 18.0 595.0 114.0 60.0 114.0 
1 2 0.5 0.5 419.0 6.0 419.0 204.0 101.0 204.0 
1 3 0.88 0.88 419.0 6.0 419.0 204.0 101.0 204.0 50.0 19.0 50.0 
1 2 0.83 0.83 53.0 4.0 53.0 218.0 165.0 218.0 
1 2 0.61 0.61 490.0 167.0 490.0 652.0 176.0 652.0 
1 3 0.98 0.98 490.0 167.0 490.0 652.0 176.0 652.0 8.0 3.0 8.0 
1 2 0.06 0.06 50.0 2.0 50.0 451.0 10.0 451.0 
1 3 0.19 0.19 50.0 2.0 50.0 451.0 10.0 451.0 992.0 130.0 992.0 
1 4 0.6 0.6 50.0 2.0 50.0 451.0 10.0 451.0 992.0 130.0 992.0 935.0 387.0 935.0 
1 5 0.7 0.7 50.0 2.0 50.0 451.0 10.0 451.0 992.0 130.0 992.0 935.0 387.0 935.0 683.0 64.0 683.0 
1 2 0.65 0.65 940.0 306.0 940.0 75.0 25.0 75.0 
1 2 0.56 0.56 544.0 171.0 544.0 142.0 35.0 142.0 
1 2 0.38 0.38 514.0 116.0 514.0 949.0 147.0 949.0 
1 3 0.48 0.48 514.0 116.0 514.0 949.0 147.0 949.0 836.0 89.0 836.0 
1 2 0.09 0.09 694.0 46.0 694.0 104.0 3.0 104.0 
1 3 0.47 0.47 694.0 46.0 694.0 104.0 3.0 104.0 389.0 148.0 389.0 
1 4 0.64 0.64 694.0 46.0 694.0 104.0 3.0 104.0 389.0 148.0 389.0 910.0 156.0 910.0 
1 5 0.89 0.89 694.0 46.0 694.0 104.0 3.0 104.0 389.0 148.0 389.0 910.0 156.0 910.0 692.0 174.0 692.0 
1 2 0.29 0.29 745.0 1.0 745.0 500.0 147.0 500.0 
1 3 0.74 0.74 745.0 1.0 745.0 500.0 147.0 500.0 186.0 83.0 186.0 
1 2 0.43 0.43 693.0 267.0 693.0 484.0 23.0 484.0 
1 2 0.9 0.9 678.0 343.0 678.0 205.0 82.0 205.0 
1 2 0.76 0.76 327.0 87.0 327.0 647.0 324.0 647.0 
1 2 0.76 0.76 811.0 281.0 811.0 12.0 5.0 12.0 
1 2 0.93 0.93 598.0 426.0 598.0 300.0 66.0 300.0 
1 2 0.91 0.91 895.0 166.0 895.0 537.0 394.0 537.0 
1 2 0.6 0.6 647.0 194.0 647.0 733.0 223.0 733.0 
1 3 0.93 0.93 647.0 194.0 647.0 733.0 223.0 733.0 758.0 249.0 758.0 
1 2 0.69 0.69 11.0 7.0 11.0 696.0 43.0 696.0 
1 2 0.86 0.86 732.0 306.0 732.0 919.0 407.0 919.0 
1 2 0.71 0.71 82.0 15.0 82.0 783.0 417.0 783.0 
1 2 0.71 0.71 868.0 66.0 868.0 724.0 460.0 724.0 
1 2 0.83 0.83 448.0 333.0 448.0 659.0 60.0 659.0 
1 2 0.68 0.68 297.0 183.0 297.0 259.0 19.0 259.0 
1 2 0.98 0.98 231.0 221.0 231.0 668.0 17.0 668.0 
1 2 0.62 0.62 485.0 30.0 485.0 504.0 284.0 504.0 
1 2 0.08 0.08 838.0 23.0 838.0 116.0 7.0 116.0 
1 3 0.99 0.99 838.0 23.0 838.0 116.0 7.0 116.0 200.0 182.0 200.0 
1 2 0.67 0.67 135.0 7.0 135.0 997.0 619.0 997.0 
1 3 0.74 0.74 135.0 7.0 135.0 997.0 619.0 997.0 364.0 26.0 364.0 
1 4 0.94 0.94 135.0 7.0 135.0 997.0 619.0 997.0 364.0 26.0 364.0 325.0 66.0 325.0 
1 2 0.29 0.29 813.0 165.0 813.0 312.0 29.0 312.0 
1 3 0.75 0.75 813.0 165.0 813.0 312.0 29.0 312.0 659.0 305.0 659.0 
1 2 0.73 0.73 575.0 419.0 575.0 809.0 8.0 809.0 
1 2 0.22 0.22 307.0 6.0 307.0 549.0 113.0 549.0 
1 2 0.71 0.71 635.0 155.0 635.0 385.0 180.0 385.0 
1 2 0.41 0.41 466.0 31.0 466.0 754.0 266.0 754.0 
1 3 0.89 0.89 466.0 31.0 466.0 754.0 266.0 754.0 968.0 463.0 968.0 
1 2 0.14 0.14 173.0 13.0 173.0 675.0 45.0 675.0 
1 3 0.39 0.39 173.0 13.0 173.0 675.0 45.0 675.0 375.0 96.0 375.0 
1 4 0.93 0.93 173.0 13.0 173.0 675.0 45.0 675.0 375.0 96.0 375.0 538.0 291.0 538.0 
1 2 0.3 0.3 215.0 10.0 215.0 57.0 15.0 57.0 
1 3 0.78 0.78 215.0 10.0 215.0 57.0 15.0 57.0 317.0 151.0 317.0 
1 2 0.76 0.76 519.0 195.0 519.0 806.0 312.0 806.0 
1 2 0.63 0.63 597.0 123.0 597.0 51.0 22.0 51.0 
1 3 0.9 0.9 597.0 123.0 597.0 51.0 22.0 51.0 648.0 173.0 648.0 
1 2 0.27 0.27 483.0 44.0 483.0 817.0 150.0 817.0 
1 3 0.4 0.4 483.0 44.0 483.0 817.0 150.0 817.0 228.0 29.0 228.0 
1 2 0.74 0.74 935.0 292.0 935.0 713.0 309.0 713.0 
1 2 0.42 0.42 935.0 176.0 935.0 422.0 98.0 422.0 
1 2 0.68 0.68 698.0 275.0 698.0 518.0 150.0 518.0 
1 2 0.56 0.56 630.0 300.0 630.0 571.0 53.0 571.0 
1 2 0.99 0.99 179.0 125.0 179.0 331.0 97.0 331.0 
1 2 0.99 0.99 57.0 9.0 57.0 318.0 267.0 318.0 
1 2 0.68 0.68 92.0 36.0 92.0 920.0 267.0 920.0 
1 2 0.93 0.93 107.0 12.0 107.0 78.0 64.0 78.0 
1 2 0.45 0.45 636.0 25.0 636.0 229.0 96.0 229.0 
1 2 0.89 0.89 444.0 177.0 444.0 10.0 5.0 10.0 
1 2 0.73 0.73 644.0 425.0 644.0 907.0 68.0 907.0 
1 2 0.58 0.58 494.0 236.0 494.0 38.0 4.0 38.0 
1 3 0.92 0.92 494.0 236.0 494.0 38.0 4.0 38.0 696.0 239.0 696.0 
1 2 0.87 0.87 615.0 25.0 615.0 535.0 445.0 535.0 
1 2 0.68 0.68 483.0 93.0 483.0 139.0 68.0 139.0 
1 3 0.9 0.9 483.0 93.0 483.0 139.0 68.0 139.0 637.0 144.0 637.0 
1 2 0.77 0.77 926.0 464.0 926.0 647.0 175.0 647.0 
1 2 0.99 0.99 155.0 5.0 155.0 151.0 145.0 151.0 
1 2 0.68 0.68 161.0 63.0 161.0 616.0 178.0 616.0 
1 2 0.71 0.71 868.0 412.0 868.0 614.0 147.0 614.0 
1 3 0.75 0.75 868.0 412.0 868.0 614.0 147.0 614.0 959.0 44.0 959.0 
1 2 0.87 0.87 469.0 395.0 469.0 517.0 17.0 517.0 
1 3 0.94 0.94 469.0 395.0 469.0 517.0 17.0 517.0 388.0 26.0 388.0 
1 2 0.41 0.41 355.0 135.0 355.0 297.0 9.0 297.0 
1 3 0.75 0.75 355.0 135.0 355.0 297.0 9.0 297.0 115.0 40.0 115.0 
1 2 0.99 0.99 482.0 361.0 482.0 280.0 70.0 280.0 
1 2 0.94 0.94 682.0 270.0 682.0 846.0 464.0 846.0 
1 2 0.93 0.93 139.0 62.0 139.0 235.0 115.0 235.0 
1 2 0.86 0.86 661.0 307.0 661.0 600.0 239.0 600.0 
1 2 0.97 0.97 695.0 464.0 695.0 590.0 184.0 590.0 
1 3 0.99 0.99 695.0 464.0 695.0 590.0 184.0 590.0 190.0 3.0 190.0 
1 2 0.58 0.58 398.0 23.0 398.0 220.0 115.0 220.0 
1 2 0.54 0.54 30.0 10.0 30.0 238.0 50.0 238.0 
1 3 0.58 0.58 30.0 10.0 30.0 238.0 50.0 238.0 470.0 21.0 470.0 
1 2 0.45 0.45 51.0 17.0 51.0 261.0 33.0 261.0 
1 2 0.11 0.11 585.0 6.0 585.0 948.0 96.0 948.0 
1 3 0.16 0.16 585.0 6.0 585.0 948.0 96.0 948.0 881.0 47.0 881.0 
1 4 0.8 0.8 585.0 6.0 585.0 948.0 96.0 948.0 881.0 47.0 881.0 656.0 423.0 656.0 
1 2 0.64 0.64 26.0 10.0 26.0 587.0 154.0 587.0 
1 3 0.85 0.85 26.0 10.0 26.0 587.0 154.0 587.0 442.0 90.0 442.0 
1 2 0.79 0.79 946.0 610.0 946.0 657.0 98.0 657.0 
1 2 0.66 0.66 284.0 31.0 284.0 727.0 404.0 727.0 
1 2 0.45 0.45 283.0 15.0 283.0 486.0 197.0 486.0 
1 3 0.82 0.82 283.0 15.0 283.0 486.0 197.0 486.0 549.0 201.0 549.0 
1 2 0.97 0.97 793.0 501.0 793.0 848.0 294.0 848.0 
1 2 0.62 0.62 59.0 11.0 59.0 16.0 7.0 16.0 
1 2 0.3 0.3 433.0 123.0 433.0 566.0 12.0 566.0 
1 2 0.91 0.91 28.0 8.0 28.0 894.0 567.0 894.0 
1 2 0.86 0.86 215.0 47.0 215.0 433.0 280.0 433.0 
1 2 0.82 0.82 224.0 68.0 224.0 542.0 280.0 542.0 
1 2 0.47 0.47 482.0 124.0 482.0 917.0 199.0 917.0 
1 2 0.32 0.32 117.0 35.0 117.0 228.0 6.0 228.0 
1 3 0.51 0.51 117.0 35.0 117.0 228.0 6.0 228.0 277.0 53.0 277.0 
1 4 0.87 0.87 117.0 35.0 117.0 228.0 6.0 228.0 277.0 53.0 277.0 787.0 281.0 787.0 
1 2 0.37 0.37 946.0 195.0 946.0 75.0 13.0 75.0 
1 3 0.53 0.53 946.0 195.0 946.0 75.0 13.0 75.0 593.0 93.0 593.0 
1 4 0.58 0.58 946.0 195.0 946.0 75.0 13.0 75.0 593.0 93.0 593.0 216.0 11.0 216.0 
1 5 0.65 0.65 946.0 195.0 946.0 75.0 13.0 75.0 593.0 93.0 593.0 216.0 11.0 216.0 182.0 12.0 182.0 
1 6 0.82 0.82 946.0 195.0 946.0 75.0 13.0 75.0 593.0 93.0 593.0 216.0 11.0 216.0 182.0 12.0 182.0 95.0 16.0 95.0 
1 2 0.69 0.69 862.0 62.0 862.0 32.0 20.0 32.0 
1 2 0.91 0.91 397.0 284.0 397.0 198.0 39.0 198.0 
1 2 0.7 0.7 572.0 386.0 572.0 749.0 21.0 749.0 
1 3 0.87 0.87 572.0 386.0 572.0 749.0 21.0 749.0 167.0 28.0 167.0 
1 2 0.96 0.96 32.0 7.0 32.0 546.0 410.0 546.0 
1 2 0.45 0.45 657.0 221.0 657.0 678.0 82.0 678.0 
1 2 0.81 0.81 681.0 163.0 681.0 646.0 371.0 646.0 
1 2 0.63 0.63 862.0 523.0 862.0 882.0 23.0 882.0 
1 2 0.55 0.55 159.0 39.0 159.0 645.0 199.0 645.0 
1 2 0.26 0.26 486.0 68.0 486.0 634.0 82.0 634.0 
1 2 0.92 0.92 449.0 264.0 449.0 831.0 280.0 831.0 
1 2 0.34 0.34 888.0 29.0 888.0 769.0 239.0 769.0 
1 2 0.99 0.99 914.0 102.0 914.0 498.0 440.0 498.0 
1 2 0.65 0.65 947.0 607.0 947.0 509.0 7.0 509.0 
1 3 0.92 0.92 947.0 607.0 947.0 509.0 7.0 509.0 652.0 179.0 652.0 
1 2 0.96 0.96 298.0 85.0 298.0 388.0 262.0 388.0 
1 2 0.71 0.71 176.0 114.0 176.0 61.0 4.0 61.0 
1 2 0.48 0.48 778.0 288.0 778.0 854.0 99.0 854.0 
1 3 0.5 0.5 778.0 288.0 778.0 854.0 99.0 854.0 853.0 17.0 853.0 
1 4 0.95 0.95 778.0 288.0 778.0 854.0 99.0 854.0 853.0 17.0 853.0 494.0 224.0 494.0 
1 2 0.44 0.44 434.0 148.0 434.0 705.0 76.0 705.0 
1 3 0.94 0.94 434.0 148.0 434.0 705.0 76.0 705.0 680.0 337.0 680.0 
1 2 0.85 0.85 409.0 341.0 409.0 813.0 21.0 813.0 
1 2 0.84 0.84 669.0 136.0 669.0 919.0 593.0 919.0 
1 2 0.7 0.7 959.0 540.0 959.0 853.0 124.0 853.0 
1 2 0.53 0.53 138.0 49.0 138.0 793.0 143.0 793.0 
1 3 0.94 0.94 138.0 49.0 138.0 793.0 143.0 793.0 645.0 261.0 645.0 
1 2 0.95 0.95 419.0 268.0 419.0 22.0 7.0 22.0 
1 2 0.98 0.98 322.0 232.0 322.0 41.0 11.0 41.0 
1 2 0.41 0.41 359.0 101.0 359.0 542.0 74.0 542.0 
1 2 0.64 0.64 417.0 153.0 417.0 218.0 60.0 218.0 
1 3 0.86 0.86 417.0 153.0 417.0 218.0 60.0 218.0 962.0 218.0 962.0 
1 2 0.8 0.8 142.0 91.0 142.0 288.0 48.0 288.0 
1 2 0.41 0.41 450.0 114.0 450.0 25.0 4.0 25.0 
1 3 0.43 0.43 450.0 114.0 450.0 25.0 4.0 25.0 530.0 12.0 530.0 
1 4 0.54 0.54 450.0 114.0 450.0 25.0 4.0 25.0 530.0 12.0 530.0 862.0 91.0 862.0 
1 2 0.6 0.6 887.0 200.0 887.0 708.0 267.0 708.0 
1 2 0.86 0.86 10.0 2.0 10.0 149.0 99.0 149.0 
1 2 0.3 0.3 218.0 4.0 218.0 721.0 206.0 721.0 
1 3 0.65 0.65 218.0 4.0 218.0 721.0 206.0 721.0 207.0 72.0 207.0 
1 2 0.65 0.65 129.0 23.0 129.0 654.0 310.0 654.0 
1 3 0.7 0.7 129.0 23.0 129.0 654.0 310.0 654.0 803.0 41.0 803.0 
1 4 0.78 0.78 129.0 23.0 129.0 654.0 310.0 654.0 803.0 41.0 803.0 161.0 13.0 161.0 
1 5 0.9 0.9 129.0 23.0 129.0 654.0 310.0 654.0 803.0 41.0 803.0 161.0 13.0 161.0 217.0 27.0 217.0 
1 2 0.63 0.63 303.0 64.0 303.0 630.0 269.0 630.0 
1 2 0.98 0.98 425.0 40.0 425.0 54.0 48.0 54.0 
1 2 0.83 0.83 886.0 200.0 886.0 872.0 534.0 872.0 
1 2 0.97 0.97 831.0 273.0 831.0 472.0 307.0 472.0 
1 2 0.97 0.97 503.0 186.0 503.0 966.0 582.0 966.0 
1 2 0.47 0.47 145.0 11.0 145.0 341.0 136.0 341.0 
1 3 0.6 0.6 145.0 11.0 145.0 341.0 136.0 341.0 870.0 113.0 870.0 
1 4 0.98 0.98 145.0 11.0 145.0 341.0 136.0 341.0 870.0 113.0 870.0 954.0 363.0 954.0 
1 2 0.76 0.76 295.0 99.0 295.0 197.0 84.0 197.0 
1 2 0.41 0.41 244.0 74.0 244.0 649.0 70.0 649.0 
1 3 0.9 0.9 244.0 74.0 244.0 649.0 70.0 649.0 917.0 457.0 917.0 
1 2 0.86 0.86 101.0 66.0 101.0 125.0 27.0 125.0 
1 2 0.93 0.93 497.0 184.0 497.0 196.0 111.0 196.0 
1 2 0.98 0.98 168.0 20.0 168.0 391.0 338.0 391.0 
1 2 0.71 0.71 468.0 121.0 468.0 425.0 193.0 425.0 
1 2 0.25 0.25 578.0 41.0 578.0 667.0 123.0 667.0 
1 3 0.86 0.86 578.0 41.0 578.0 667.0 123.0 667.0 675.0 411.0 675.0 
1 2 0.96 0.96 507.0 186.0 507.0 403.0 242.0 403.0 
1 2 0.97 0.97 120.0 55.0 120.0 934.0 483.0 934.0 
1 2 0.34 0.34 128.0 35.0 128.0 960.0 73.0 960.0 
1 3 0.45 0.45 128.0 35.0 128.0 960.0 73.0 960.0 455.0 48.0 455.0 
1 4 0.68 0.68 128.0 35.0 128.0 960.0 73.0 960.0 455.0 48.0 455.0 970.0 219.0 970.0 
1 2 0.89 0.89 538.0 433.0 538.0 777.0 67.0 777.0 
1 2 0.77 0.77 639.0 137.0 639.0 856.0 481.0 856.0 
1 2 0.99 0.99 693.0 450.0 693.0 839.0 287.0 839.0 
1 2 0.41 0.41 889.0 127.0 889.0 175.0 47.0 175.0 
1 3 0.8 0.8 889.0 127.0 889.0 175.0 47.0 175.0 397.0 156.0 397.0 
1 2 0.98 0.98 498.0 396.0 498.0 530.0 99.0 530.0 
1 2 0.44 0.44 636.0 43.0 636.0 562.0 213.0 562.0 
1 3 0.55 0.55 636.0 43.0 636.0 562.0 213.0 562.0 547.0 57.0 547.0 
1 2 0.14 0.14 455.0 56.0 455.0 729.0 13.0 729.0 
1 3 0.39 0.39 455.0 56.0 455.0 729.0 13.0 729.0 265.0 68.0 265.0 
1 4 0.73 0.73 455.0 56.0 455.0 729.0 13.0 729.0 265.0 68.0 265.0 504.0 168.0 504.0 
1 2 0.39 0.39 779.0 14.0 779.0 579.0 216.0 579.0 
1 3 0.83 0.83 779.0 14.0 779.0 579.0 216.0 579.0 280.0 125.0 280.0 
1 2 0.55 0.55 143.0 75.0 143.0 198.0 7.0 198.0 
1 2 0.62 0.62 19.0 9.0 19.0 753.0 112.0 753.0 
1 2 0.52 0.52 867.0 444.0 867.0 618.0 10.0 618.0 
1 2 0.21 0.21 866.0 83.0 866.0 50.0 6.0 50.0 
1 3 0.99 0.99 866.0 83.0 866.0 50.0 6.0 50.0 718.0 561.0 718.0 
1 2 0.71 0.71 918.0 310.0 918.0 474.0 181.0 474.0 
1 3 0.87 0.87 918.0 310.0 918.0 474.0 181.0 474.0 731.0 112.0 731.0 
1 2 0.59 0.59 878.0 343.0 878.0 560.0 116.0 560.0 
1 2 0.97 0.97 128.0 6.0 128.0 774.0 718.0 774.0 
1 2 0.63 0.63 48.0 5.0 48.0 604.0 318.0 604.0 
1 3 0.75 0.75 48.0 5.0 48.0 604.0 318.0 604.0 695.0 87.0 695.0 
1 2 0.31 0.31 247.0 71.0 247.0 294.0 9.0 294.0 
1 3 0.45 0.45 247.0 71.0 247.0 294.0 9.0 294.0 421.0 56.0 421.0 
1 2 0.57 0.57 940.0 72.0 940.0 816.0 408.0 816.0 
1 3 0.9 0.9 940.0 72.0 940.0 816.0 408.0 816.0 40.0 13.0 40.0 
1 2 0.38 0.38 196.0 38.0 196.0 569.0 109.0 569.0 
1 2 0.64 0.64 907.0 287.0 907.0 355.0 116.0 355.0 
1 2 0.86 0.86 407.0 261.0 407.0 610.0 139.0 610.0 
1 2 0.43 0.43 233.0 101.0 233.0 395.0 1.0 395.0 
1 2 0.89 0.89 489.0 100.0 489.0 100.0 69.0 100.0 
1 2 0.55 0.55 958.0 121.0 958.0 393.0 170.0 393.0 
1 2 0.81 0.81 534.0 429.0 534.0 90.0 1.0 90.0 
1 2 0.94 0.94 975.0 270.0 975.0 835.0 558.0 835.0 
1 2 0.84 0.84 308.0 8.0 308.0 134.0 110.0 134.0 
1 2 0.77 0.77 22.0 8.0 22.0 683.0 280.0 683.0 
1 2 0.31 0.31 757.0 144.0 757.0 803.0 98.0 803.0 
1 2 0.52 0.52 344.0 140.0 344.0 143.0 17.0 143.0 
1 2 0.92 0.92 529.0 195.0 529.0 759.0 420.0 759.0 
1 3 0.96 0.96 529.0 195.0 529.0 759.0 420.0 759.0 522.0 24.0 522.0 
1 2 0.54 0.54 811.0 25.0 811.0 444.0 229.0 444.0 
1 2 0.88 0.88 750.0 588.0 750.0 29.0 3.0 29.0 
1 2 0.65 0.65 27.0 7.0 27.0 420.0 167.0 420.0 
1 2 0.89 0.89 294.0 123.0 294.0 793.0 376.0 793.0 
1 2 0.55 0.55 120.0 5.0 120.0 529.0 272.0 529.0 
1 3 0.67 0.67 120.0 5.0 120.0 529.0 272.0 529.0 562.0 68.0 562.0 
1 2 0.77 0.77 582.0 172.0 582.0 64.0 31.0 64.0 
1 3 0.86 0.86 582.0 172.0 582.0 64.0 31.0 64.0 548.0 47.0 548.0 
1 2 0.88 0.88 438.0 110.0 438.0 745.0 474.0 745.0 
1 2 0.28 0.28 564.0 112.0 564.0 11.0 1.0 11.0 
1 3 0.8 0.8 564.0 112.0 564.0 11.0 1.0 11.0 37.0 19.0 37.0 
1 2 0.3 0.3 462.0 67.0 462.0 267.0 44.0 267.0 
1 3 0.73 0.73 462.0 67.0 462.0 267.0 44.0 267.0 845.0 359.0 845.0 
1 2 0.65 0.65 706.0 139.0 706.0 296.0 136.0 296.0 
1 3 0.75 0.75 706.0 139.0 706.0 296.0 136.0 296.0 254.0 25.0 254.0 
1 2 0.2 0.2 193.0 22.0 193.0 424.0 38.0 424.0 
1 3 0.67 0.67 193.0 22.0 193.0 424.0 38.0 424.0 955.0 450.0 955.0 
1 4 0.97 0.97 193.0 22.0 193.0 424.0 38.0 424.0 955.0 450.0 955.0 949.0 282.0 949.0 
1 2 0.8 0.8 146.0 89.0 146.0 520.0 100.0 520.0 
1 2 0.53 0.53 747.0 175.0 747.0 141.0 43.0 141.0 
1 2 0.16 0.16 714.0 40.0 714.0 382.0 43.0 382.0 
1 3 0.88 0.88 714.0 40.0 714.0 382.0 43.0 382.0 387.0 278.0 387.0 
1 2 0.24 0.24 146.0 23.0 146.0 940.0 79.0 940.0 
1 3 0.42 0.42 146.0 23.0 146.0 940.0 79.0 940.0 248.0 45.0 248.0 
1 4 0.95 0.95 146.0 23.0 146.0 940.0 79.0 940.0 248.0 45.0 248.0 17.0 9.0 17.0 
1 2 0.44 0.44 431.0 41.0 431.0 201.0 71.0 201.0 
1 2 0.55 0.55 409.0 1.0 409.0 784.0 432.0 784.0 
1 2 0.8 0.8 199.0 110.0 199.0 223.0 56.0 223.0 
1 2 0.79 0.79 82.0 6.0 82.0 402.0 291.0 402.0 
1 2 0.95 0.95 826.0 3.0 826.0 254.0 241.0 254.0 
1 2 0.21 0.21 162.0 30.0 162.0 661.0 21.0 661.0 
1 3 0.88 0.88 162.0 30.0 162.0 661.0 21.0 661.0 447.0 300.0 447.0 
1 2 0.45 0.45 464.0 183.0 464.0 278.0 17.0 278.0 
1 2 0.91 0.91 690.0 272.0 690.0 118.0 61.0 118.0 
1 2 0.49 0.49 754.0 184.0 754.0 361.0 89.0 361.0 
1 3 0.68 0.68 754.0 184.0 754.0 361.0 89.0 361.0 718.0 138.0 718.0 
1 2 0.66 0.66 203.0 27.0 203.0 479.0 255.0 479.0 
1 2 0.75 0.75 905.0 452.0 905.0 846.0 215.0 846.0 
1 2 0.91 0.91 840.0 749.0 840.0 144.0 3.0 144.0 
1 2 0.09 0.09 347.0 26.0 347.0 316.0 5.0 316.0 
1 3 0.45 0.45 347.0 26.0 347.0 316.0 5.0 316.0 128.0 47.0 128.0 
1 2 0.93 0.93 865.0 208.0 865.0 334.0 232.0 334.0 
1 2 0.16 0.16 728.0 97.0 728.0 252.0 8.0 252.0 
1 2 0.83 0.83 287.0 58.0 287.0 928.0 587.0 928.0 
1 2 0.93 0.93 479.0 48.0 479.0 306.0 255.0 306.0 
1 2 0.46 0.46 210.0 92.0 210.0 828.0 20.0 828.0 
1 3 0.46 0.46 210.0 92.0 210.0 828.0 20.0 828.0 406.0 2.0 406.0 
1 4 0.69 0.69 210.0 92.0 210.0 828.0 20.0 828.0 406.0 2.0 406.0 943.0 219.0 943.0 
1 2 0.09 0.09 405.0 24.0 405.0 217.0 8.0 217.0 
1 3 0.26 0.26 405.0 24.0 405.0 217.0 8.0 217.0 917.0 152.0 917.0 
1 4 0.92 0.92 405.0 24.0 405.0 217.0 8.0 217.0 917.0 152.0 917.0 965.0 636.0 965.0 
1 2 0.54 0.54 620.0 329.0 620.0 66.0 1.0 66.0 
1 3 0.59 0.59 620.0 329.0 620.0 66.0 1.0 66.0 850.0 41.0 850.0 
1 4 0.86 0.86 620.0 329.0 620.0 66.0 1.0 66.0 850.0 41.0 850.0 434.0 119.0 434.0 
1 2 0.46 0.46 245.0 111.0 245.0 472.0 4.0 472.0 
1 2 0.27 0.27 739.0 84.0 739.0 498.0 80.0 498.0 
1 3 0.76 0.76 739.0 84.0 739.0 498.0 80.0 498.0 132.0 65.0 132.0 
1 4 0.81 0.81 739.0 84.0 739.0 498.0 80.0 498.0 132.0 65.0 132.0 140.0 7.0 140.0 
1 2 0.73 0.73 604.0 163.0 604.0 953.0 446.0 953.0 
1 2 0.72 0.72 387.0 87.0 387.0 868.0 433.0 868.0 
1 2 0.98 0.98 911.0 108.0 911.0 723.0 629.0 723.0 
1 2 0.61 0.61 198.0 95.0 198.0 226.0 31.0 226.0 
1 2 0.61 0.61 847.0 452.0 847.0 845.0 68.0 845.0 
1 3 0.79 0.79 847.0 452.0 847.0 845.0 68.0 845.0 214.0 38.0 214.0 
1 2 0.92 0.92 40.0 20.0 40.0 526.0 225.0 526.0 
1 2 0.96 0.96 773.0 622.0 773.0 878.0 139.0 878.0 
1 2 0.93 0.93 214.0 25.0 214.0 237.0 193.0 237.0 
1 2 0.88 0.88 811.0 285.0 811.0 95.0 51.0 95.0 
1 2 0.88 0.88 101.0 45.0 101.0 196.0 87.0 196.0 
1 2 0.67 0.67 53.0 8.0 53.0 152.0 79.0 152.0 
1 3 0.91 0.91 53.0 8.0 53.0 152.0 79.0 152.0 444.0 108.0 444.0 
1 2 0.91 0.91 235.0 80.0 235.0 475.0 274.0 475.0 
1 2 0.79 0.79 25.0 10.0 25.0 802.0 314.0 802.0 
1 2 0.84 0.84 815.0 447.0 815.0 957.0 282.0 957.0 
1 2 0.46 0.46 936.0 360.0 936.0 606.0 49.0 606.0 
1 3 0.88 0.88 936.0 360.0 936.0 606.0 49.0 606.0 647.0 274.0 647.0 
1 2 0.88 0.88 224.0 164.0 224.0 752.0 113.0 752.0 
1 2 0.52 0.52 171.0 73.0 171.0 523.0 51.0 523.0 
1 2 0.82 0.82 566.0 47.0 566.0 900.0 665.0 900.0 
1 2 0.61 0.61 991.0 479.0 991.0 727.0 99.0 727.0 
1 2 0.98 0.98 860.0 808.0 860.0 558.0 25.0 558.0 
1 2 0.94 0.94 350.0 185.0 350.0 672.0 282.0 672.0 
1 2 0.44 0.44 705.0 215.0 705.0 788.0 114.0 788.0 
1 3 0.46 0.46 705.0 215.0 705.0 788.0 114.0 788.0 980.0 17.0 980.0 
1 2 0.68 0.68 185.0 27.0 185.0 719.0 388.0 719.0 
1 2 0.11 0.11 377.0 22.0 377.0 938.0 50.0 938.0 
1 3 0.94 0.94 377.0 22.0 377.0 938.0 50.0 938.0 122.0 102.0 122.0 
1 2 0.96 0.96 62.0 19.0 62.0 165.0 108.0 165.0 
1 2 0.8 0.8 987.0 105.0 987.0 20.0 14.0 20.0 
1 2 0.29 0.29 347.0 33.0 347.0 952.0 194.0 952.0 
1 2 0.51 0.51 91.0 10.0 91.0 487.0 199.0 487.0 
1 3 0.8 0.8 91.0 10.0 91.0 487.0 199.0 487.0 884.0 253.0 884.0 
1 2 0.89 0.89 532.0 89.0 532.0 457.0 332.0 457.0 
1 2 0.47 0.47 356.0 89.0 356.0 104.0 23.0 104.0 
1 2 0.5 0.5 569.0 182.0 569.0 16.0 3.0 16.0 
1 2 0.7 0.7 382.0 162.0 382.0 967.0 267.0 967.0 
1 2 0.71 0.71 199.0 4.0 199.0 972.0 674.0 972.0 
1 2 0.63 0.63 64.0 34.0 64.0 589.0 60.0 589.0 
1 2 0.27 0.27 516.0 78.0 516.0 40.0 5.0 40.0 
1 3 0.29 0.29 516.0 78.0 516.0 40.0 5.0 40.0 283.0 4.0 283.0 
1 4 0.34 0.34 516.0 78.0 516.0 40.0 5.0 40.0 283.0 4.0 283.0 698.0 37.0 698.0 
1 5 0.49 0.49 516.0 78.0 516.0 40.0 5.0 40.0 283.0 4.0 283.0 698.0 37.0 698.0 364.0 56.0 364.0 
1 2 0.75 0.75 604.0 262.0 604.0 369.0 117.0 369.0 
1 2 0.91 0.91 175.0 19.0 175.0 732.0 587.0 732.0 
1 2 0.42 0.42 595.0 36.0 595.0 417.0 153.0 417.0 
1 3 0.59 0.59 595.0 36.0 595.0 417.0 153.0 417.0 253.0 42.0 253.0 
1 2 0.71 0.71 45.0 5.0 45.0 242.0 145.0 242.0 
1 2 0.99 0.99 493.0 239.0 493.0 257.0 131.0 257.0 
1 2 0.98 0.98 929.0 752.0 929.0 70.0 12.0 70.0 
1 2 0.53 0.53 55.0 20.0 55.0 581.0 98.0 581.0 
1 2 0.89 0.89 632.0 73.0 632.0 993.0 771.0 993.0 
1 3 0.98 0.98 632.0 73.0 632.0 993.0 771.0 993.0 317.0 31.0 317.0 
1 2 0.69 0.69 274.0 186.0 274.0 383.0 6.0 383.0 
1 2 0.8 0.8 624.0 265.0 624.0 21.0 8.0 21.0 
1 2 0.44 0.44 336.0 115.0 336.0 734.0 76.0 734.0 
1 2 0.96 0.96 910.0 280.0 910.0 192.0 127.0 192.0 
1 2 0.76 0.76 912.0 689.0 912.0 726.0 9.0 726.0 
1 2 0.89 0.89 548.0 138.0 548.0 785.0 501.0 785.0 
1 2 0.44 0.44 121.0 20.0 121.0 810.0 230.0 810.0 
1 2 0.41 0.41 193.0 34.0 193.0 865.0 208.0 865.0 
1 2 0.93 0.93 470.0 409.0 470.0 224.0 15.0 224.0 
1 2 0.25 0.25 413.0 102.0 413.0 466.0 4.0 466.0 
1 3 0.75 0.75 413.0 102.0 413.0 466.0 4.0 466.0 661.0 329.0 661.0 
1 2 0.75 0.75 691.0 241.0 691.0 566.0 229.0 566.0 
1 2 0.72 0.72 739.0 420.0 739.0 292.0 47.0 292.0 
1 2 0.41 0.41 453.0 31.0 453.0 760.0 266.0 760.0 
1 3 0.58 0.58 453.0 31.0 453.0 760.0 266.0 760.0 971.0 158.0 971.0 
1 4 0.73 0.73 453.0 31.0 453.0 760.0 266.0 760.0 971.0 158.0 971.0 295.0 44.0 295.0 
1 2 0.82 0.82 140.0 93.0 140.0 748.0 117.0 748.0 
1 2 0.37 0.37 747.0 53.0 747.0 840.0 253.0 840.0 
1 3 0.81 0.81 747.0 53.0 747.0 840.0 253.0 840.0 423.0 186.0 423.0 
1 2 0.83 0.83 376.0 135.0 376.0 379.0 180.0 379.0 
1 2 0.82 0.82 819.0 156.0 819.0 65.0 41.0 65.0 
1 2 0.8 0.8 18.0 4.0 18.0 322.0 187.0 322.0 
1 2 0.72 0.72 358.0 103.0 358.0 582.0 254.0 582.0 
1 2 0.95 0.95 921.0 385.0 921.0 15.0 8.0 15.0 
1 2 0.73 0.73 185.0 63.0 185.0 251.0 100.0 251.0 
1 2 0.91 0.91 454.0 169.0 454.0 656.0 356.0 656.0 
1 2 0.91 0.91 96.0 60.0 96.0 17.0 5.0 17.0 
1 3 0.97 0.97 96.0 60.0 96.0 17.0 5.0 17.0 463.0 28.0 463.0 
1 2 0.79 0.79 148.0 51.0 148.0 346.0 157.0 346.0 
1 2 0.98 0.98 114.0 87.0 114.0 796.0 176.0 796.0 
1 2 0.71 0.71 529.0 90.0 529.0 490.0 266.0 490.0 
1 2 0.78 0.78 360.0 203.0 360.0 373.0 83.0 373.0 
1 3 0.89 0.89 360.0 203.0 360.0 373.0 83.0 373.0 527.0 55.0 527.0 
1 2 0.7 0.7 630.0 416.0 630.0 957.0 45.0 957.0 
1 2 0.92 0.92 77.0 58.0 77.0 157.0 27.0 157.0 
1 2 0.94 0.94 897.0 29.0 897.0 401.0 366.0 401.0 
1 2 0.49 0.49 376.0 114.0 376.0 811.0 157.0 811.0 
1 2 0.86 0.86 858.0 347.0 858.0 612.0 284.0 612.0 
1 2 0.83 0.83 190.0 57.0 190.0 483.0 256.0 483.0 
1 2 0.94 0.94 245.0 145.0 245.0 601.0 213.0 601.0 
1 2 0.41 0.41 783.0 295.0 783.0 170.0 6.0 170.0 
1 3 0.88 0.88 783.0 295.0 783.0 170.0 6.0 170.0 380.0 181.0 380.0 
1 2 0.65 0.65 774.0 481.0 774.0 312.0 10.0 312.0 
1 3 0.66 0.66 774.0 481.0 774.0 312.0 10.0 312.0 964.0 9.0 964.0 
1 2 0.84 0.84 20.0 8.0 20.0 352.0 157.0 352.0 
1 2 0.83 0.83 171.0 107.0 171.0 440.0 92.0 440.0 
1 2 0.87 0.87 371.0 77.0 371.0 871.0 581.0 871.0 
1 3 0.92 0.92 371.0 77.0 371.0 871.0 581.0 871.0 706.0 39.0 706.0 
1 4 0.95 0.95 371.0 77.0 371.0 871.0 581.0 871.0 706.0 39.0 706.0 731.0 17.0 731.0 
1 5 0.97 0.97 371.0 77.0 371.0 871.0 581.0 871.0 706.0 39.0 706.0 731.0 17.0 731.0 186.0 5.0 186.0 
1 2 0.74 0.74 685.0 237.0 685.0 229.0 91.0 229.0 
1 2 0.68 0.68 269.0 104.0 269.0 283.0 85.0 283.0 
1 2 0.17 0.17 64.0 2.0 64.0 172.0 25.0 172.0 
1 3 0.89 0.89 64.0 2.0 64.0 172.0 25.0 172.0 382.0 273.0 382.0 
1 2 0.87 0.87 572.0 381.0 572.0 541.0 114.0 541.0 
1 2 0.84 0.84 915.0 38.0 915.0 813.0 650.0 813.0 
1 3 0.85 0.85 915.0 38.0 915.0 813.0 650.0 813.0 57.0 1.0 57.0 
1 2 0.79 0.79 615.0 101.0 615.0 718.0 454.0 718.0 
1 2 0.91 0.91 47.0 8.0 47.0 711.0 531.0 711.0 
1 2 0.75 0.75 479.0 278.0 479.0 377.0 65.0 377.0 
1 2 0.88 0.88 532.0 146.0 532.0 379.0 232.0 379.0 
1 2 0.94 0.94 117.0 62.0 117.0 696.0 286.0 696.0 
1 2 0.9 0.9 401.0 180.0 401.0 343.0 157.0 343.0 
1 2 0.75 0.75 732.0 158.0 732.0 687.0 369.0 687.0 
1 3 0.93 0.93 732.0 158.0 732.0 687.0 369.0 687.0 219.0 40.0 219.0 
1 2 0.41 0.41 722.0 75.0 722.0 815.0 257.0 815.0 
1 3 0.64 0.64 722.0 75.0 722.0 815.0 257.0 815.0 845.0 191.0 845.0 
1 2 0.78 0.78 670.0 166.0 670.0 942.0 505.0 942.0 
1 2 0.59 0.59 950.0 540.0 950.0 312.0 9.0 312.0 
1 3 0.94 0.94 950.0 540.0 950.0 312.0 9.0 312.0 881.0 302.0 881.0 
1 2 0.64 0.64 76.0 7.0 76.0 726.0 403.0 726.0 
1 2 0.87 0.87 69.0 52.0 69.0 188.0 22.0 188.0 
1 2 0.92 0.92 309.0 278.0 309.0 824.0 19.0 824.0 
1 2 0.7 0.7 171.0 73.0 171.0 105.0 29.0 105.0 
1 2 0.41 0.41 527.0 195.0 527.0 321.0 14.0 321.0 
1 2 0.38 0.38 137.0 20.0 137.0 776.0 189.0 776.0 
1 3 0.93 0.93 137.0 20.0 137.0 776.0 189.0 776.0 119.0 65.0 119.0 
1 2 0.56 0.56 351.0 48.0 351.0 265.0 114.0 265.0 
1 2 0.42 0.42 586.0 158.0 586.0 328.0 52.0 328.0 
1 3 0.45 0.45 586.0 158.0 586.0 328.0 52.0 328.0 503.0 15.0 503.0 
1 2 0.57 0.57 733.0 404.0 733.0 190.0 5.0 190.0 
1 3 0.99 0.99 733.0 404.0 733.0 190.0 5.0 190.0 715.0 298.0 715.0 
1 2 0.73 0.73 358.0 92.0 358.0 315.0 152.0 315.0 
1 3 0.92 0.92 358.0 92.0 358.0 315.0 152.0 315.0 376.0 70.0 376.0 
1 2 0.61 0.61 891.0 174.0 891.0 920.0 386.0 920.0 
1 3 0.64 0.64 891.0 174.0 891.0 920.0 386.0 920.0 991.0 27.0 991.0 
1 4 0.86 0.86 891.0 174.0 891.0 920.0 386.0 920.0 991.0 27.0 991.0 96.0 21.0 96.0 
1 2 0.61 0.61 917.0 492.0 917.0 673.0 50.0 673.0 
1 2 0.58 0.58 724.0 377.0 724.0 980.0 63.0 980.0 
1 2 0.43 0.43 334.0 76.0 334.0 119.0 25.0 119.0 
1 3 0.94 0.94 334.0 76.0 334.0 119.0 25.0 119.0 347.0 177.0 347.0 
1 2 0.69 0.69 235.0 123.0 235.0 201.0 34.0 201.0 
1 2 0.36 0.36 408.0 106.0 408.0 542.0 56.0 542.0 
1 3 0.88 0.88 408.0 106.0 408.0 542.0 56.0 542.0 863.0 454.0 863.0 
1 2 0.98 0.98 433.0 346.0 433.0 656.0 124.0 656.0 
1 2 0.76 0.76 841.0 403.0 841.0 669.0 193.0 669.0 
1 2 0.89 0.89 402.0 102.0 402.0 311.0 198.0 311.0 
1 2 0.2 0.2 627.0 45.0 627.0 125.0 17.0 125.0 
1 3 0.91 0.91 627.0 45.0 627.0 125.0 17.0 125.0 927.0 659.0 927.0 
1 2 0.21 0.21 948.0 153.0 948.0 643.0 35.0 643.0 
1 2 0.2 0.2 872.0 49.0 872.0 998.0 152.0 998.0 
1 2 0.36 0.36 743.0 123.0 743.0 615.0 120.0 615.0 
1 3 0.75 0.75 743.0 123.0 743.0 615.0 120.0 615.0 216.0 86.0 216.0 
1 2 0.83 0.83 336.0 173.0 336.0 875.0 284.0 875.0 
1 2 0.96 0.96 988.0 409.0 988.0 875.0 479.0 875.0 
1 2 0.72 0.72 753.0 219.0 753.0 889.0 386.0 889.0 
1 2 0.62 0.62 683.0 149.0 683.0 230.0 94.0 230.0 
1 3 0.84 0.84 683.0 149.0 683.0 230.0 94.0 230.0 585.0 126.0 585.0 
1 2 0.25 0.25 970.0 135.0 970.0 171.0 20.0 171.0 
1 3 0.55 0.55 970.0 135.0 970.0 171.0 20.0 171.0 722.0 216.0 722.0 
1 2 0.85 0.85 698.0 120.0 698.0 913.0 621.0 913.0 
1 2 0.15 0.15 837.0 101.0 837.0 720.0 27.0 720.0 
1 3 0.66 0.66 837.0 101.0 837.0 720.0 27.0 720.0 429.0 218.0 429.0 
1 2 0.8 0.8 158.0 16.0 158.0 136.0 96.0 136.0 
1 3 0.9 0.9 158.0 16.0 158.0 136.0 96.0 136.0 329.0 31.0 329.0 
1 2 0.88 0.88 458.0 89.0 458.0 436.0 303.0 436.0 
1 3 0.9 0.9 458.0 89.0 458.0 436.0 303.0 436.0 294.0 4.0 294.0 
1 2 0.71 0.71 947.0 319.0 947.0 576.0 219.0 576.0 
1 3 0.72 0.72 947.0 319.0 947.0 576.0 219.0 576.0 530.0 4.0 530.0 
1 2 0.27 0.27 299.0 74.0 299.0 590.0 18.0 590.0 
1 3 0.51 0.51 299.0 74.0 299.0 590.0 18.0 590.0 354.0 84.0 354.0 
1 2 0.99 0.99 684.0 629.0 684.0 764.0 61.0 764.0 
1 2 0.92 0.92 296.0 244.0 296.0 78.0 8.0 78.0 
1 2 0.84 0.84 906.0 495.0 906.0 222.0 67.0 222.0 
1 2 0.85 0.85 862.0 725.0 862.0 448.0 5.0 448.0 
1 2 0.53 0.53 102.0 35.0 102.0 281.0 54.0 281.0 
1 2 0.93 0.93 943.0 610.0 943.0 762.0 218.0 762.0 
1 2 0.53 0.53 793.0 160.0 793.0 883.0 292.0 883.0 
1 2 0.41 0.41 815.0 27.0 815.0 808.0 309.0 808.0 
1 3 0.59 0.59 815.0 27.0 815.0 808.0 309.0 808.0 578.0 104.0 578.0 
1 2 0.79 0.79 889.0 410.0 889.0 558.0 184.0 558.0 
