1 2 0.79 0.79 503.0 13.0 503.0 22.0 17.0 22.0 
1 2 0.99 0.99 735.0 228.0 735.0 634.0 437.0 634.0 
1 2 0.95 0.95 85.0 67.0 85.0 653.0 112.0 653.0 
1 2 0.54 0.54 142.0 7.0 142.0 546.0 273.0 546.0 
1 3 0.91 0.91 142.0 7.0 142.0 546.0 273.0 546.0 877.0 319.0 877.0 
1 2 0.21 0.21 944.0 57.0 944.0 555.0 87.0 555.0 
1 3 0.81 0.81 944.0 57.0 944.0 555.0 87.0 555.0 406.0 241.0 406.0 
1 2 0.11 0.11 728.0 72.0 728.0 906.0 15.0 906.0 
1 3 0.17 0.17 728.0 72.0 728.0 906.0 15.0 906.0 718.0 41.0 718.0 
1 4 0.29 0.29 728.0 72.0 728.0 906.0 15.0 906.0 718.0 41.0 718.0 732.0 92.0 732.0 
1 2 0.98 0.98 553.0 287.0 553.0 610.0 286.0 610.0 
1 2 0.65 0.65 71.0 12.0 71.0 498.0 244.0 498.0 
1 2 0.82 0.82 762.0 107.0 762.0 139.0 95.0 139.0 
1 2 0.84 0.84 483.0 348.0 483.0 909.0 111.0 909.0 
1 2 0.8 0.8 598.0 181.0 598.0 397.0 200.0 397.0 
1 2 0.54 0.54 379.0 11.0 379.0 451.0 234.0 451.0 
1 2 0.65 0.65 754.0 197.0 754.0 931.0 363.0 931.0 
1 2 0.61 0.61 727.0 212.0 727.0 92.0 30.0 92.0 
1 3 0.82 0.82 727.0 212.0 727.0 92.0 30.0 92.0 685.0 139.0 685.0 
1 4 0.88 0.88 727.0 212.0 727.0 92.0 30.0 92.0 685.0 139.0 685.0 50.0 3.0 50.0 
1 2 0.72 0.72 427.0 81.0 427.0 393.0 209.0 393.0 
1 2 0.46 0.46 478.0 96.0 478.0 27.0 7.0 27.0 
1 3 0.99 0.99 478.0 96.0 478.0 27.0 7.0 27.0 860.0 458.0 860.0 
1 2 0.34 0.34 965.0 237.0 965.0 668.0 69.0 668.0 
1 3 0.96 0.96 965.0 237.0 965.0 668.0 69.0 668.0 309.0 189.0 309.0 
1 2 0.81 0.81 803.0 454.0 803.0 806.0 203.0 806.0 
1 2 0.87 0.87 743.0 611.0 743.0 659.0 37.0 659.0 
1 2 0.39 0.39 916.0 257.0 916.0 571.0 67.0 571.0 
1 2 0.98 0.98 106.0 84.0 106.0 751.0 143.0 751.0 
1 2 0.91 0.91 716.0 246.0 716.0 947.0 539.0 947.0 
1 2 0.81 0.81 218.0 156.0 218.0 737.0 74.0 737.0 
1 2 0.59 0.59 13.0 3.0 13.0 110.0 40.0 110.0 
1 2 0.98 0.98 854.0 68.0 854.0 306.0 277.0 306.0 
1 2 0.86 0.86 306.0 204.0 306.0 552.0 110.0 552.0 
1 2 0.68 0.68 30.0 20.0 30.0 301.0 6.0 301.0 
1 2 0.97 0.97 413.0 259.0 413.0 788.0 278.0 788.0 
1 2 0.46 0.46 547.0 64.0 547.0 649.0 226.0 649.0 
1 2 0.87 0.87 525.0 80.0 525.0 18.0 13.0 18.0 
1 2 0.73 0.73 538.0 235.0 538.0 540.0 161.0 540.0 
1 2 0.83 0.83 828.0 44.0 828.0 890.0 696.0 890.0 
1 2 0.88 0.88 117.0 63.0 117.0 746.0 259.0 746.0 
1 2 0.76 0.76 112.0 72.0 112.0 717.0 90.0 717.0 
1 2 0.56 0.56 344.0 49.0 344.0 604.0 258.0 604.0 
1 2 0.71 0.71 361.0 154.0 361.0 7.0 2.0 7.0 
1 2 0.64 0.64 778.0 129.0 778.0 368.0 178.0 368.0 
1 2 0.69 0.69 264.0 107.0 264.0 997.0 285.0 997.0 
1 2 0.36 0.36 32.0 6.0 32.0 218.0 39.0 218.0 
1 3 0.95 0.95 32.0 6.0 32.0 218.0 39.0 218.0 521.0 309.0 521.0 
1 2 0.74 0.74 120.0 44.0 120.0 936.0 357.0 936.0 
1 2 0.57 0.57 727.0 27.0 727.0 417.0 224.0 417.0 
1 3 0.96 0.96 727.0 27.0 727.0 417.0 224.0 417.0 521.0 204.0 521.0 
1 2 0.55 0.55 693.0 362.0 693.0 271.0 8.0 271.0 
1 2 0.91 0.91 875.0 762.0 875.0 513.0 21.0 513.0 
1 2 0.92 0.92 412.0 29.0 412.0 167.0 142.0 167.0 
1 2 0.8 0.8 566.0 152.0 566.0 963.0 513.0 963.0 
1 2 0.99 0.99 68.0 51.0 68.0 591.0 147.0 591.0 
1 2 0.28 0.28 659.0 89.0 659.0 20.0 3.0 20.0 
1 3 0.93 0.93 659.0 89.0 659.0 20.0 3.0 20.0 754.0 487.0 754.0 
1 4 0.93 0.93 659.0 89.0 659.0 20.0 3.0 20.0 754.0 487.0 754.0 917.0 6.0 917.0 
1 2 0.79 0.79 85.0 53.0 85.0 525.0 88.0 525.0 
1 2 0.72 0.72 538.0 15.0 538.0 932.0 648.0 932.0 
1 2 0.38 0.38 284.0 45.0 284.0 674.0 156.0 674.0 
1 2 0.57 0.57 949.0 216.0 949.0 521.0 180.0 521.0 
1 3 0.99 0.99 949.0 216.0 949.0 521.0 180.0 521.0 987.0 417.0 987.0 
1 2 0.71 0.71 470.0 272.0 470.0 638.0 88.0 638.0 
1 3 0.99 0.99 470.0 272.0 470.0 638.0 88.0 638.0 535.0 151.0 535.0 
1 2 0.6 0.6 269.0 16.0 269.0 455.0 250.0 455.0 
1 3 0.86 0.86 269.0 16.0 269.0 455.0 250.0 455.0 515.0 132.0 515.0 
1 2 0.77 0.77 252.0 143.0 252.0 852.0 181.0 852.0 
1 3 0.84 0.84 252.0 143.0 252.0 852.0 181.0 852.0 612.0 39.0 612.0 
1 2 0.67 0.67 171.0 13.0 171.0 461.0 277.0 461.0 
1 2 0.66 0.66 629.0 413.0 629.0 888.0 7.0 888.0 
1 2 0.1 0.1 192.0 14.0 192.0 804.0 29.0 804.0 
1 3 0.69 0.69 192.0 14.0 192.0 804.0 29.0 804.0 86.0 50.0 86.0 
1 2 0.97 0.97 559.0 161.0 559.0 356.0 246.0 356.0 
1 2 0.86 0.86 477.0 244.0 477.0 939.0 329.0 939.0 
1 2 0.33 0.33 550.0 78.0 550.0 198.0 38.0 198.0 
1 2 0.95 0.95 396.0 343.0 396.0 272.0 23.0 272.0 
1 2 0.73 0.73 386.0 92.0 386.0 2.0 1.0 2.0 
1 3 0.99 0.99 386.0 92.0 386.0 2.0 1.0 2.0 135.0 35.0 135.0 
1 2 0.19 0.19 892.0 145.0 892.0 451.0 15.0 451.0 
1 3 0.96 0.96 892.0 145.0 892.0 451.0 15.0 451.0 393.0 302.0 393.0 
1 2 0.3 0.3 506.0 109.0 506.0 417.0 38.0 417.0 
1 3 0.66 0.66 506.0 109.0 506.0 417.0 38.0 417.0 908.0 326.0 908.0 
1 2 0.49 0.49 851.0 287.0 851.0 512.0 82.0 512.0 
1 2 0.87 0.87 353.0 76.0 353.0 749.0 491.0 749.0 
1 2 0.98 0.98 454.0 246.0 454.0 141.0 63.0 141.0 
1 2 0.57 0.57 483.0 261.0 483.0 991.0 32.0 991.0 
1 2 0.97 0.97 533.0 373.0 533.0 815.0 221.0 815.0 
1 2 0.94 0.94 808.0 437.0 808.0 93.0 38.0 93.0 
1 2 0.87 0.87 685.0 435.0 685.0 445.0 108.0 445.0 
1 2 0.69 0.69 248.0 1.0 248.0 59.0 41.0 59.0 
1 2 0.83 0.83 750.0 572.0 750.0 117.0 8.0 117.0 
1 2 0.52 0.52 276.0 2.0 276.0 282.0 146.0 282.0 
1 2 0.84 0.84 46.0 8.0 46.0 220.0 147.0 220.0 
1 3 0.94 0.94 46.0 8.0 46.0 220.0 147.0 220.0 937.0 101.0 937.0 
1 2 0.95 0.95 315.0 236.0 315.0 707.0 149.0 707.0 
1 2 0.52 0.52 208.0 27.0 208.0 15.0 6.0 15.0 
1 2 0.88 0.88 383.0 70.0 383.0 71.0 50.0 71.0 
1 2 0.99 0.99 963.0 41.0 963.0 693.0 658.0 693.0 
1 2 0.97 0.97 957.0 210.0 957.0 263.0 200.0 263.0 
1 2 0.84 0.84 116.0 36.0 116.0 271.0 144.0 271.0 
1 2 0.26 0.26 38.0 4.0 38.0 31.0 5.0 31.0 
1 3 0.96 0.96 38.0 4.0 38.0 31.0 5.0 31.0 10.0 7.0 10.0 
1 2 0.56 0.56 723.0 340.0 723.0 637.0 60.0 637.0 
1 2 0.76 0.76 304.0 171.0 304.0 729.0 144.0 729.0 
1 2 0.61 0.61 407.0 194.0 407.0 468.0 66.0 468.0 
1 2 0.58 0.58 770.0 149.0 770.0 779.0 302.0 779.0 
1 2 0.52 0.52 747.0 315.0 747.0 783.0 84.0 783.0 
1 2 0.71 0.71 782.0 321.0 782.0 600.0 185.0 600.0 
1 2 0.58 0.58 740.0 126.0 740.0 104.0 43.0 104.0 
1 2 0.94 0.94 955.0 745.0 955.0 700.0 113.0 700.0 
1 2 0.46 0.46 834.0 9.0 834.0 471.0 215.0 471.0 
1 3 0.88 0.88 834.0 9.0 834.0 471.0 215.0 471.0 830.0 345.0 830.0 
1 4 0.96 0.96 834.0 9.0 834.0 471.0 215.0 471.0 830.0 345.0 830.0 710.0 60.0 710.0 
1 2 0.96 0.96 788.0 549.0 788.0 862.0 229.0 862.0 
1 2 0.72 0.72 419.0 239.0 419.0 188.0 29.0 188.0 
1 2 0.87 0.87 831.0 580.0 831.0 83.0 15.0 83.0 
1 2 0.67 0.67 926.0 278.0 926.0 755.0 280.0 755.0 
1 2 0.77 0.77 254.0 95.0 254.0 887.0 355.0 887.0 
1 2 0.63 0.63 808.0 13.0 808.0 676.0 420.0 676.0 
1 2 0.24 0.24 53.0 12.0 53.0 70.0 1.0 70.0 
1 3 0.38 0.38 53.0 12.0 53.0 70.0 1.0 70.0 633.0 93.0 633.0 
1 4 0.72 0.72 53.0 12.0 53.0 70.0 1.0 70.0 633.0 93.0 633.0 117.0 40.0 117.0 
1 2 0.38 0.38 885.0 293.0 885.0 912.0 48.0 912.0 
1 2 0.79 0.79 892.0 576.0 892.0 48.0 7.0 48.0 
1 2 0.71 0.71 236.0 17.0 236.0 380.0 245.0 380.0 
1 2 0.84 0.84 966.0 296.0 966.0 848.0 456.0 848.0 
1 2 0.99 0.99 120.0 4.0 120.0 710.0 681.0 710.0 
1 2 0.72 0.72 304.0 43.0 304.0 400.0 235.0 400.0 
1 2 0.49 0.49 191.0 88.0 191.0 706.0 24.0 706.0 
1 3 0.61 0.61 191.0 88.0 191.0 706.0 24.0 706.0 895.0 108.0 895.0 
1 2 0.98 0.98 691.0 667.0 691.0 43.0 1.0 43.0 
1 2 0.75 0.75 780.0 487.0 780.0 60.0 8.0 60.0 
1 2 0.85 0.85 538.0 149.0 538.0 588.0 338.0 588.0 
1 2 0.92 0.92 692.0 527.0 692.0 347.0 58.0 347.0 
1 2 0.97 0.97 244.0 177.0 244.0 743.0 188.0 743.0 
1 2 0.54 0.54 26.0 1.0 26.0 939.0 479.0 939.0 
1 2 0.36 0.36 855.0 214.0 855.0 498.0 55.0 498.0 
1 2 0.66 0.66 611.0 402.0 611.0 991.0 4.0 991.0 
1 2 0.79 0.79 461.0 125.0 461.0 244.0 127.0 244.0 
1 2 0.93 0.93 556.0 218.0 556.0 440.0 237.0 440.0 
1 2 0.54 0.54 711.0 132.0 711.0 11.0 4.0 11.0 
1 3 0.91 0.91 711.0 132.0 711.0 11.0 4.0 11.0 811.0 295.0 811.0 
1 2 0.76 0.76 659.0 154.0 659.0 433.0 229.0 433.0 
1 2 0.99 0.99 794.0 594.0 794.0 374.0 91.0 374.0 
1 2 0.5 0.5 597.0 144.0 597.0 645.0 167.0 645.0 
1 2 0.88 0.88 889.0 447.0 889.0 882.0 336.0 882.0 
1 2 0.97 0.97 337.0 17.0 337.0 564.0 519.0 564.0 
1 2 0.19 0.19 799.0 102.0 799.0 396.0 25.0 396.0 
1 2 0.85 0.85 470.0 347.0 470.0 724.0 86.0 724.0 
1 2 0.59 0.59 32.0 17.0 32.0 900.0 53.0 900.0 
1 2 0.86 0.86 843.0 496.0 843.0 341.0 93.0 341.0 
1 2 0.95 0.95 234.0 89.0 234.0 125.0 72.0 125.0 
1 2 0.89 0.89 827.0 605.0 827.0 892.0 148.0 892.0 
1 2 0.91 0.91 939.0 386.0 939.0 166.0 84.0 166.0 
1 2 0.92 0.92 134.0 105.0 134.0 261.0 36.0 261.0 
1 2 0.34 0.34 180.0 52.0 180.0 583.0 35.0 583.0 
1 3 0.46 0.46 180.0 52.0 180.0 583.0 35.0 583.0 581.0 67.0 581.0 
1 2 0.66 0.66 190.0 71.0 190.0 491.0 142.0 491.0 
1 2 0.45 0.45 188.0 78.0 188.0 606.0 25.0 606.0 
1 2 0.32 0.32 179.0 55.0 179.0 458.0 9.0 458.0 
1 3 0.85 0.85 179.0 55.0 179.0 458.0 9.0 458.0 615.0 323.0 615.0 
1 2 0.23 0.23 896.0 144.0 896.0 203.0 16.0 203.0 
1 2 0.53 0.53 459.0 107.0 459.0 639.0 192.0 639.0 
1 3 0.78 0.78 459.0 107.0 459.0 639.0 192.0 639.0 139.0 35.0 139.0 
1 4 0.98 0.98 459.0 107.0 459.0 639.0 192.0 639.0 139.0 35.0 139.0 606.0 119.0 606.0 
1 2 0.98 0.98 894.0 249.0 894.0 994.0 706.0 994.0 
1 2 0.63 0.63 374.0 103.0 374.0 636.0 228.0 636.0 
1 2 0.61 0.61 394.0 63.0 394.0 563.0 254.0 563.0 
1 3 0.89 0.89 394.0 63.0 394.0 563.0 254.0 563.0 985.0 278.0 985.0 
1 2 0.46 0.46 180.0 27.0 180.0 44.0 14.0 44.0 
1 2 0.89 0.89 530.0 289.0 530.0 795.0 278.0 795.0 
1 2 0.61 0.61 937.0 48.0 937.0 588.0 331.0 588.0 
1 2 0.94 0.94 31.0 19.0 31.0 484.0 159.0 484.0 
1 2 0.91 0.91 455.0 94.0 455.0 469.0 334.0 469.0 
1 2 0.94 0.94 546.0 414.0 546.0 394.0 75.0 394.0 
1 2 0.49 0.49 321.0 106.0 321.0 468.0 75.0 468.0 
1 3 0.83 0.83 321.0 106.0 321.0 468.0 75.0 468.0 351.0 120.0 351.0 
1 2 0.9 0.9 686.0 122.0 686.0 680.0 494.0 680.0 
1 2 0.63 0.63 681.0 418.0 681.0 416.0 10.0 416.0 
1 2 0.56 0.56 389.0 2.0 389.0 722.0 402.0 722.0 
1 3 0.75 0.75 389.0 2.0 389.0 722.0 402.0 722.0 652.0 124.0 652.0 
1 4 0.92 0.92 389.0 2.0 389.0 722.0 402.0 722.0 652.0 124.0 652.0 51.0 9.0 51.0 
1 2 0.96 0.96 193.0 167.0 193.0 360.0 36.0 360.0 
1 2 0.7 0.7 171.0 1.0 171.0 411.0 286.0 411.0 
1 3 0.77 0.77 171.0 1.0 171.0 411.0 286.0 411.0 442.0 34.0 442.0 
1 2 0.76 0.76 797.0 524.0 797.0 442.0 48.0 442.0 
1 2 0.81 0.81 284.0 125.0 284.0 342.0 129.0 342.0 
1 2 0.5 0.5 132.0 49.0 132.0 677.0 88.0 677.0 
1 2 0.42 0.42 294.0 114.0 294.0 77.0 3.0 77.0 
1 3 0.64 0.64 294.0 114.0 294.0 77.0 3.0 77.0 236.0 52.0 236.0 
1 2 0.72 0.72 720.0 485.0 720.0 480.0 25.0 480.0 
1 2 0.07 0.07 46.0 3.0 46.0 349.0 2.0 349.0 
1 3 0.13 0.13 46.0 3.0 46.0 349.0 2.0 349.0 566.0 37.0 566.0 
1 4 0.63 0.63 46.0 3.0 46.0 349.0 2.0 349.0 566.0 37.0 566.0 32.0 16.0 32.0 
1 2 0.63 0.63 523.0 126.0 523.0 73.0 29.0 73.0 
1 2 0.8 0.8 376.0 195.0 376.0 399.0 115.0 399.0 
1 2 0.84 0.84 757.0 617.0 757.0 677.0 23.0 677.0 
1 2 0.93 0.93 252.0 26.0 252.0 940.0 783.0 940.0 
1 2 0.75 0.75 995.0 285.0 995.0 49.0 23.0 49.0 
1 2 0.87 0.87 116.0 77.0 116.0 761.0 163.0 761.0 
1 2 0.75 0.75 80.0 25.0 80.0 420.0 184.0 420.0 
1 2 0.98 0.98 211.0 62.0 211.0 328.0 226.0 328.0 
1 2 0.5 0.5 761.0 210.0 761.0 804.0 182.0 804.0 
1 2 0.93 0.93 755.0 181.0 755.0 727.0 507.0 727.0 
1 3 0.94 0.94 755.0 181.0 755.0 727.0 507.0 727.0 891.0 9.0 891.0 
1 2 0.51 0.51 866.0 62.0 866.0 908.0 404.0 908.0 
1 2 0.75 0.75 294.0 174.0 294.0 523.0 84.0 523.0 
1 2 0.74 0.74 845.0 380.0 845.0 31.0 9.0 31.0 
1 3 0.77 0.77 845.0 380.0 845.0 31.0 9.0 31.0 765.0 29.0 765.0 
1 2 0.95 0.95 618.0 258.0 618.0 206.0 111.0 206.0 
1 2 0.77 0.77 651.0 150.0 651.0 988.0 539.0 988.0 
1 2 0.6 0.6 501.0 98.0 501.0 91.0 37.0 91.0 
1 3 0.96 0.96 501.0 98.0 501.0 91.0 37.0 91.0 568.0 208.0 568.0 
1 2 0.72 0.72 298.0 27.0 298.0 563.0 356.0 563.0 
1 2 0.89 0.89 883.0 200.0 883.0 897.0 602.0 897.0 
1 2 0.94 0.94 661.0 286.0 661.0 975.0 502.0 975.0 
1 2 0.98 0.98 225.0 71.0 225.0 286.0 192.0 286.0 
1 2 0.86 0.86 354.0 162.0 354.0 170.0 70.0 170.0 
1 2 0.61 0.61 219.0 55.0 219.0 719.0 261.0 719.0 
1 2 0.81 0.81 585.0 92.0 585.0 395.0 259.0 395.0 
1 2 0.51 0.51 73.0 36.0 73.0 164.0 4.0 164.0 
1 2 0.71 0.71 195.0 2.0 195.0 292.0 205.0 292.0 
1 2 0.98 0.98 322.0 178.0 322.0 565.0 244.0 565.0 
1 2 0.97 0.97 141.0 36.0 141.0 459.0 332.0 459.0 
1 2 0.73 0.73 595.0 436.0 595.0 733.0 5.0 733.0 
1 2 0.5 0.5 409.0 191.0 409.0 547.0 20.0 547.0 
1 2 0.95 0.95 601.0 12.0 601.0 238.0 223.0 238.0 
1 2 0.77 0.77 151.0 90.0 151.0 66.0 12.0 66.0 
1 2 0.36 0.36 357.0 112.0 357.0 603.0 33.0 603.0 
1 2 0.44 0.44 655.0 63.0 655.0 525.0 183.0 525.0 
1 2 0.81 0.81 149.0 23.0 149.0 194.0 129.0 194.0 
1 2 0.99 0.99 932.0 830.0 932.0 265.0 27.0 265.0 
1 2 0.94 0.94 187.0 61.0 187.0 374.0 230.0 374.0 
1 2 0.18 0.18 170.0 13.0 170.0 447.0 47.0 447.0 
1 2 0.96 0.96 213.0 176.0 213.0 785.0 106.0 785.0 
1 2 0.57 0.57 802.0 213.0 802.0 845.0 263.0 845.0 
1 3 0.74 0.74 802.0 213.0 802.0 845.0 263.0 845.0 886.0 152.0 886.0 
1 4 0.81 0.81 802.0 213.0 802.0 845.0 263.0 845.0 886.0 152.0 886.0 905.0 64.0 905.0 
1 2 0.97 0.97 896.0 704.0 896.0 350.0 66.0 350.0 
1 2 0.82 0.82 275.0 171.0 275.0 706.0 145.0 706.0 
1 2 0.61 0.61 413.0 19.0 413.0 820.0 468.0 820.0 
1 2 0.76 0.76 811.0 202.0 811.0 854.0 439.0 854.0 
1 2 0.86 0.86 144.0 10.0 144.0 756.0 600.0 756.0 
1 3 0.88 0.88 144.0 10.0 144.0 756.0 600.0 756.0 569.0 11.0 569.0 
1 2 0.66 0.66 122.0 77.0 122.0 997.0 38.0 997.0 
1 3 0.67 0.67 122.0 77.0 122.0 997.0 38.0 997.0 379.0 4.0 379.0 
1 2 0.56 0.56 100.0 23.0 100.0 74.0 25.0 74.0 
1 2 0.8 0.8 476.0 292.0 476.0 452.0 87.0 452.0 
1 2 0.92 0.92 66.0 11.0 66.0 505.0 381.0 505.0 
1 2 0.8 0.8 559.0 336.0 559.0 571.0 116.0 571.0 
1 2 0.93 0.93 417.0 155.0 417.0 91.0 51.0 91.0 
1 2 0.88 0.88 812.0 508.0 812.0 313.0 81.0 313.0 
1 2 0.92 0.92 32.0 28.0 32.0 681.0 33.0 681.0 
1 2 0.94 0.94 542.0 62.0 542.0 65.0 54.0 65.0 
1 2 0.96 0.96 146.0 44.0 146.0 386.0 257.0 386.0 
1 2 0.92 0.92 402.0 117.0 402.0 157.0 100.0 157.0 
1 2 0.73 0.73 935.0 116.0 935.0 151.0 93.0 151.0 
1 2 0.94 0.94 152.0 65.0 152.0 497.0 259.0 497.0 
1 2 0.75 0.75 825.0 311.0 825.0 830.0 310.0 830.0 
1 3 0.88 0.88 825.0 311.0 825.0 830.0 310.0 830.0 582.0 76.0 582.0 
1 2 0.95 0.95 521.0 386.0 521.0 854.0 180.0 854.0 
1 2 0.7 0.7 223.0 30.0 223.0 457.0 262.0 457.0 
1 2 0.95 0.95 587.0 239.0 587.0 125.0 68.0 125.0 
1 2 0.77 0.77 876.0 667.0 876.0 531.0 5.0 531.0 
1 2 0.98 0.98 20.0 4.0 20.0 202.0 158.0 202.0 
1 2 0.65 0.65 815.0 168.0 815.0 327.0 147.0 327.0 
1 2 0.7 0.7 844.0 181.0 844.0 789.0 387.0 789.0 
1 3 0.75 0.75 844.0 181.0 844.0 789.0 387.0 789.0 224.0 11.0 224.0 
1 2 0.84 0.84 824.0 415.0 824.0 994.0 339.0 994.0 
1 3 0.9 0.9 824.0 415.0 824.0 994.0 339.0 994.0 428.0 26.0 428.0 
1 2 0.59 0.59 102.0 19.0 102.0 169.0 69.0 169.0 
1 2 0.6 0.6 542.0 101.0 542.0 735.0 309.0 735.0 
1 2 0.88 0.88 105.0 77.0 105.0 865.0 133.0 865.0 
1 2 0.91 0.91 594.0 424.0 594.0 848.0 169.0 848.0 
1 2 0.94 0.94 201.0 47.0 201.0 95.0 68.0 95.0 
1 3 0.97 0.97 201.0 47.0 201.0 95.0 68.0 95.0 801.0 21.0 801.0 
1 2 0.93 0.93 988.0 114.0 988.0 27.0 22.0 27.0 
1 2 0.87 0.87 745.0 580.0 745.0 51.0 5.0 51.0 
1 2 0.88 0.88 188.0 100.0 188.0 517.0 183.0 517.0 
1 2 0.85 0.85 158.0 132.0 158.0 627.0 12.0 627.0 
1 3 0.88 0.88 158.0 132.0 158.0 627.0 12.0 627.0 220.0 7.0 220.0 
1 2 0.96 0.96 174.0 33.0 174.0 980.0 755.0 980.0 
1 2 0.88 0.88 959.0 449.0 959.0 585.0 242.0 585.0 
1 2 0.96 0.96 812.0 654.0 812.0 135.0 22.0 135.0 
1 2 0.76 0.76 667.0 340.0 667.0 964.0 248.0 964.0 
1 2 0.68 0.68 709.0 167.0 709.0 717.0 319.0 717.0 
1 2 0.72 0.72 19.0 11.0 19.0 34.0 5.0 34.0 
1 2 0.6 0.6 468.0 242.0 468.0 713.0 64.0 713.0 
1 2 0.54 0.54 855.0 237.0 855.0 718.0 195.0 718.0 
1 2 0.72 0.72 656.0 20.0 656.0 877.0 608.0 877.0 
1 2 0.64 0.64 141.0 67.0 141.0 534.0 89.0 534.0 
1 2 0.61 0.61 479.0 59.0 479.0 139.0 69.0 139.0 
1 2 0.7 0.7 384.0 254.0 384.0 177.0 8.0 177.0 
1 3 0.82 0.82 384.0 254.0 384.0 177.0 8.0 177.0 941.0 114.0 941.0 
1 2 0.97 0.97 538.0 394.0 538.0 630.0 153.0 630.0 
1 2 0.74 0.74 897.0 37.0 897.0 821.0 578.0 821.0 
1 2 0.84 0.84 866.0 162.0 866.0 742.0 487.0 742.0 
1 2 0.41 0.41 195.0 30.0 195.0 107.0 28.0 107.0 
1 2 0.79 0.79 125.0 39.0 125.0 52.0 25.0 52.0 
1 2 0.8 0.8 224.0 144.0 224.0 882.0 142.0 882.0 
1 2 0.76 0.76 337.0 25.0 337.0 190.0 132.0 190.0 
1 2 0.83 0.83 435.0 312.0 435.0 26.0 3.0 26.0 
1 2 0.93 0.93 912.0 303.0 912.0 878.0 533.0 878.0 
1 2 0.62 0.62 315.0 14.0 315.0 434.0 251.0 434.0 
1 2 0.51 0.51 821.0 181.0 821.0 913.0 265.0 913.0 
1 3 0.62 0.62 821.0 181.0 821.0 913.0 265.0 913.0 202.0 24.0 202.0 
1 2 0.76 0.76 916.0 668.0 916.0 401.0 13.0 401.0 
1 2 0.99 0.99 16.0 13.0 16.0 605.0 108.0 605.0 
1 2 0.13 0.13 988.0 20.0 988.0 800.0 92.0 800.0 
1 3 0.54 0.54 988.0 20.0 988.0 800.0 92.0 800.0 196.0 80.0 196.0 
1 2 0.98 0.98 795.0 290.0 795.0 93.0 58.0 93.0 
1 2 0.7 0.7 38.0 4.0 38.0 228.0 137.0 228.0 
1 2 0.95 0.95 209.0 16.0 209.0 731.0 640.0 731.0 
1 2 0.88 0.88 117.0 76.0 117.0 388.0 93.0 388.0 
1 2 0.9 0.9 937.0 747.0 937.0 394.0 42.0 394.0 
1 2 0.84 0.84 885.0 629.0 885.0 532.0 73.0 532.0 
1 2 0.27 0.27 331.0 50.0 331.0 979.0 121.0 979.0 
1 3 0.85 0.85 331.0 50.0 331.0 979.0 121.0 979.0 500.0 288.0 500.0 
1 2 0.98 0.98 969.0 66.0 969.0 276.0 253.0 276.0 
1 2 0.99 0.99 494.0 140.0 494.0 7.0 5.0 7.0 
1 2 0.05 0.05 648.0 23.0 648.0 709.0 16.0 709.0 
1 3 0.17 0.17 648.0 23.0 648.0 709.0 16.0 709.0 141.0 17.0 141.0 
1 4 0.96 0.96 648.0 23.0 648.0 709.0 16.0 709.0 141.0 17.0 141.0 880.0 689.0 880.0 
1 2 0.73 0.73 234.0 168.0 234.0 580.0 12.0 580.0 
1 2 0.65 0.65 60.0 7.0 60.0 58.0 31.0 58.0 
1 2 0.36 0.36 764.0 140.0 764.0 173.0 32.0 173.0 
1 3 0.51 0.51 764.0 140.0 764.0 173.0 32.0 173.0 200.0 29.0 200.0 
1 2 0.33 0.33 820.0 12.0 820.0 366.0 116.0 366.0 
1 3 0.83 0.83 820.0 12.0 820.0 366.0 116.0 366.0 146.0 73.0 146.0 
1 2 0.96 0.96 766.0 170.0 766.0 579.0 428.0 579.0 
1 2 0.83 0.83 127.0 82.0 127.0 776.0 145.0 776.0 
1 2 0.89 0.89 227.0 137.0 227.0 349.0 101.0 349.0 
1 2 0.67 0.67 875.0 176.0 875.0 728.0 346.0 728.0 
1 2 0.89 0.89 73.0 54.0 73.0 293.0 46.0 293.0 
1 3 0.98 0.98 73.0 54.0 73.0 293.0 46.0 293.0 464.0 41.0 464.0 
1 2 0.33 0.33 739.0 212.0 739.0 259.0 13.0 259.0 
1 3 0.52 0.52 739.0 212.0 739.0 259.0 13.0 259.0 203.0 38.0 203.0 
1 2 0.59 0.59 676.0 64.0 676.0 502.0 252.0 502.0 
1 3 0.81 0.81 676.0 64.0 676.0 502.0 252.0 502.0 129.0 28.0 129.0 
1 2 0.75 0.75 620.0 177.0 620.0 19.0 9.0 19.0 
1 2 0.65 0.65 415.0 85.0 415.0 756.0 338.0 756.0 
1 2 0.78 0.78 932.0 16.0 932.0 792.0 611.0 792.0 
1 3 0.82 0.82 932.0 16.0 932.0 792.0 611.0 792.0 603.0 23.0 603.0 
1 2 0.91 0.91 133.0 51.0 133.0 90.0 48.0 90.0 
1 2 0.98 0.98 142.0 63.0 142.0 971.0 522.0 971.0 
1 3 0.99 0.99 142.0 63.0 142.0 971.0 522.0 971.0 833.0 14.0 833.0 
1 2 0.83 0.83 694.0 373.0 694.0 475.0 141.0 475.0 
1 2 0.67 0.67 167.0 2.0 167.0 212.0 140.0 212.0 
1 2 0.54 0.54 902.0 9.0 902.0 167.0 89.0 167.0 
1 2 0.39 0.39 486.0 19.0 486.0 578.0 204.0 578.0 
1 3 0.42 0.42 486.0 19.0 486.0 578.0 204.0 578.0 730.0 26.0 730.0 
1 2 0.75 0.75 293.0 49.0 293.0 841.0 494.0 841.0 
1 2 0.59 0.59 797.0 227.0 797.0 375.0 117.0 375.0 
1 3 0.64 0.64 797.0 227.0 797.0 375.0 117.0 375.0 825.0 42.0 825.0 
1 2 0.23 0.23 187.0 34.0 187.0 113.0 6.0 113.0 
1 2 0.9 0.9 332.0 231.0 332.0 483.0 99.0 483.0 
1 2 0.89 0.89 775.0 17.0 775.0 234.0 205.0 234.0 
1 3 0.94 0.94 775.0 17.0 775.0 234.0 205.0 234.0 505.0 24.0 505.0 
1 2 0.35 0.35 706.0 27.0 706.0 722.0 227.0 722.0 
1 3 0.6 0.6 706.0 27.0 706.0 722.0 227.0 722.0 109.0 27.0 109.0 
1 4 0.98 0.98 706.0 27.0 706.0 722.0 227.0 722.0 109.0 27.0 109.0 803.0 309.0 803.0 
1 2 0.97 0.97 994.0 676.0 994.0 157.0 47.0 157.0 
1 2 0.81 0.81 662.0 177.0 662.0 680.0 369.0 680.0 
1 2 0.48 0.48 801.0 183.0 801.0 97.0 25.0 97.0 
1 3 0.97 0.97 801.0 183.0 801.0 97.0 25.0 97.0 461.0 224.0 461.0 
1 2 0.74 0.74 908.0 650.0 908.0 334.0 10.0 334.0 
1 2 0.87 0.87 54.0 46.0 54.0 681.0 14.0 681.0 
1 2 0.99 0.99 13.0 10.0 13.0 521.0 120.0 521.0 
1 2 0.56 0.56 487.0 254.0 487.0 831.0 40.0 831.0 
1 3 0.61 0.61 487.0 254.0 487.0 831.0 40.0 831.0 109.0 5.0 109.0 
1 4 0.89 0.89 487.0 254.0 487.0 831.0 40.0 831.0 109.0 5.0 109.0 80.0 22.0 80.0 
1 2 0.7 0.7 188.0 68.0 188.0 850.0 296.0 850.0 
1 3 0.76 0.76 188.0 68.0 188.0 850.0 296.0 850.0 179.0 9.0 179.0 
1 2 0.73 0.73 384.0 63.0 384.0 459.0 264.0 459.0 
1 2 0.25 0.25 164.0 2.0 164.0 611.0 151.0 611.0 
1 3 0.83 0.83 164.0 2.0 164.0 611.0 151.0 611.0 876.0 503.0 876.0 
1 2 0.9 0.9 521.0 58.0 521.0 838.0 664.0 838.0 
1 2 0.66 0.66 960.0 340.0 960.0 170.0 52.0 170.0 
1 2 0.73 0.73 659.0 58.0 659.0 94.0 61.0 94.0 
1 2 0.37 0.37 531.0 5.0 531.0 652.0 239.0 652.0 
1 3 0.39 0.39 531.0 5.0 531.0 652.0 239.0 652.0 473.0 11.0 473.0 
1 2 0.57 0.57 601.0 191.0 601.0 847.0 217.0 847.0 
1 3 0.74 0.74 601.0 191.0 601.0 847.0 217.0 847.0 367.0 62.0 367.0 
1 4 0.94 0.94 601.0 191.0 601.0 847.0 217.0 847.0 367.0 62.0 367.0 233.0 48.0 233.0 
1 2 0.51 0.51 258.0 18.0 258.0 218.0 98.0 218.0 
1 2 0.97 0.97 673.0 368.0 673.0 470.0 202.0 470.0 
1 2 0.32 0.32 32.0 8.0 32.0 583.0 43.0 583.0 
1 2 0.97 0.97 470.0 412.0 470.0 458.0 45.0 458.0 
1 2 0.81 0.81 415.0 137.0 415.0 760.0 368.0 760.0 
1 2 0.88 0.88 550.0 351.0 550.0 569.0 142.0 569.0 
1 2 0.95 0.95 687.0 157.0 687.0 26.0 19.0 26.0 
1 2 0.98 0.98 299.0 29.0 299.0 765.0 680.0 765.0 
1 2 0.74 0.74 4.0 2.0 4.0 275.0 67.0 275.0 
1 2 0.72 0.72 710.0 471.0 710.0 573.0 37.0 573.0 
1 2 0.91 0.91 160.0 28.0 160.0 568.0 423.0 568.0 
1 2 0.86 0.86 977.0 291.0 977.0 343.0 195.0 343.0 
1 2 0.76 0.76 162.0 104.0 162.0 791.0 99.0 791.0 
1 2 0.76 0.76 385.0 184.0 385.0 651.0 184.0 651.0 
1 2 0.87 0.87 966.0 317.0 966.0 701.0 380.0 701.0 
1 2 0.5 0.5 402.0 151.0 402.0 23.0 3.0 23.0 
1 2 0.83 0.83 723.0 78.0 723.0 779.0 566.0 779.0 
1 3 0.84 0.84 723.0 78.0 723.0 779.0 566.0 779.0 620.0 8.0 620.0 
1 4 0.96 0.96 723.0 78.0 723.0 779.0 566.0 779.0 620.0 8.0 620.0 995.0 116.0 995.0 
1 2 0.66 0.66 243.0 103.0 243.0 184.0 45.0 184.0 
1 3 0.69 0.69 243.0 103.0 243.0 184.0 45.0 184.0 967.0 23.0 967.0 
1 2 0.37 0.37 709.0 90.0 709.0 864.0 218.0 864.0 
1 3 0.82 0.82 709.0 90.0 709.0 864.0 218.0 864.0 571.0 253.0 571.0 
1 2 0.63 0.63 245.0 23.0 245.0 850.0 458.0 850.0 
1 2 0.93 0.93 930.0 756.0 930.0 880.0 107.0 880.0 
1 2 0.25 0.25 384.0 97.0 384.0 746.0 1.0 746.0 
1 3 0.76 0.76 384.0 97.0 384.0 746.0 1.0 746.0 356.0 182.0 356.0 
1 2 0.83 0.83 898.0 375.0 898.0 572.0 241.0 572.0 
1 2 0.78 0.78 573.0 387.0 573.0 309.0 34.0 309.0 
1 2 0.69 0.69 536.0 363.0 536.0 703.0 15.0 703.0 
1 2 0.81 0.81 903.0 558.0 903.0 471.0 91.0 471.0 
1 2 0.89 0.89 953.0 757.0 953.0 353.0 34.0 353.0 
1 2 0.94 0.94 797.0 281.0 797.0 156.0 92.0 156.0 
1 2 0.8 0.8 578.0 155.0 578.0 86.0 46.0 86.0 
1 2 0.76 0.76 680.0 352.0 680.0 498.0 124.0 498.0 
1 2 0.9 0.9 512.0 403.0 512.0 265.0 32.0 265.0 
1 2 0.95 0.95 443.0 354.0 443.0 831.0 127.0 831.0 
1 2 0.07 0.07 907.0 61.0 907.0 767.0 8.0 767.0 
1 3 0.55 0.55 907.0 61.0 907.0 767.0 8.0 767.0 416.0 200.0 416.0 
1 2 0.73 0.73 820.0 480.0 820.0 633.0 95.0 633.0 
1 3 0.85 0.85 820.0 480.0 820.0 633.0 95.0 633.0 292.0 36.0 292.0 
1 2 0.4 0.4 770.0 286.0 770.0 716.0 27.0 716.0 
1 2 0.58 0.58 863.0 216.0 863.0 609.0 204.0 609.0 
1 2 0.63 0.63 430.0 19.0 430.0 92.0 54.0 92.0 
1 3 0.67 0.67 430.0 19.0 430.0 92.0 54.0 92.0 479.0 22.0 479.0 
1 2 0.52 0.52 571.0 141.0 571.0 198.0 55.0 198.0 
1 3 0.65 0.65 571.0 141.0 571.0 198.0 55.0 198.0 526.0 70.0 526.0 
1 2 0.66 0.66 302.0 179.0 302.0 811.0 59.0 811.0 
1 2 0.78 0.78 689.0 157.0 689.0 489.0 274.0 489.0 
1 2 0.93 0.93 43.0 3.0 43.0 15.0 13.0 15.0 
1 2 0.46 0.46 187.0 77.0 187.0 618.0 35.0 618.0 
1 2 0.98 0.98 457.0 208.0 457.0 248.0 131.0 248.0 
1 2 0.87 0.87 749.0 329.0 749.0 935.0 408.0 935.0 
1 2 0.8 0.8 732.0 266.0 732.0 637.0 280.0 637.0 
1 3 0.92 0.92 732.0 266.0 732.0 637.0 280.0 637.0 719.0 87.0 719.0 
1 2 0.8 0.8 748.0 177.0 748.0 688.0 393.0 688.0 
1 2 0.48 0.48 813.0 243.0 813.0 534.0 98.0 534.0 
1 2 0.97 0.97 73.0 10.0 73.0 6.0 5.0 6.0 
1 2 0.78 0.78 568.0 168.0 568.0 274.0 135.0 274.0 
1 2 0.33 0.33 687.0 141.0 687.0 797.0 105.0 797.0 
1 3 0.9 0.9 687.0 141.0 687.0 797.0 105.0 797.0 914.0 522.0 914.0 
1 2 0.95 0.95 870.0 724.0 870.0 885.0 109.0 885.0 
1 2 0.87 0.87 896.0 747.0 896.0 223.0 9.0 223.0 
1 2 0.96 0.96 652.0 240.0 652.0 470.0 281.0 470.0 
1 2 0.34 0.34 736.0 217.0 736.0 929.0 43.0 929.0 
1 3 0.69 0.69 736.0 217.0 736.0 929.0 43.0 929.0 809.0 288.0 809.0 
1 2 0.6 0.6 137.0 70.0 137.0 687.0 67.0 687.0 
1 3 0.88 0.88 137.0 70.0 137.0 687.0 67.0 687.0 199.0 55.0 199.0 
1 2 0.63 0.63 36.0 20.0 36.0 278.0 22.0 278.0 
1 2 0.88 0.88 803.0 490.0 803.0 587.0 159.0 587.0 
1 2 0.69 0.69 458.0 258.0 458.0 190.0 25.0 190.0 
1 2 0.45 0.45 946.0 82.0 946.0 448.0 167.0 448.0 
1 2 0.72 0.72 839.0 80.0 839.0 418.0 264.0 418.0 
1 2 0.81 0.81 542.0 81.0 542.0 378.0 252.0 378.0 
1 2 0.83 0.83 952.0 482.0 952.0 730.0 237.0 730.0 
1 2 0.91 0.91 754.0 60.0 754.0 742.0 618.0 742.0 
1 2 0.63 0.63 927.0 204.0 927.0 455.0 187.0 455.0 
1 2 0.77 0.77 905.0 171.0 905.0 438.0 255.0 438.0 
1 2 0.94 0.94 360.0 279.0 360.0 925.0 156.0 925.0 
1 2 0.46 0.46 785.0 49.0 785.0 919.0 374.0 919.0 
1 2 0.78 0.78 307.0 101.0 307.0 645.0 297.0 645.0 
1 3 0.97 0.97 307.0 101.0 307.0 645.0 297.0 645.0 105.0 20.0 105.0 
1 2 0.96 0.96 313.0 110.0 313.0 80.0 49.0 80.0 
1 2 0.39 0.39 231.0 8.0 231.0 902.0 321.0 902.0 
1 3 0.97 0.97 231.0 8.0 231.0 902.0 321.0 902.0 62.0 36.0 62.0 
1 2 0.72 0.72 928.0 97.0 928.0 394.0 245.0 394.0 
1 2 0.92 0.92 476.0 424.0 476.0 477.0 16.0 477.0 
1 2 0.85 0.85 371.0 291.0 371.0 732.0 51.0 732.0 
1 2 0.84 0.84 808.0 189.0 808.0 666.0 410.0 666.0 
1 2 0.75 0.75 860.0 327.0 860.0 59.0 22.0 59.0 
1 2 0.85 0.85 972.0 343.0 972.0 289.0 146.0 289.0 
1 2 0.58 0.58 507.0 262.0 507.0 304.0 20.0 304.0 
1 2 0.67 0.67 91.0 14.0 91.0 520.0 269.0 520.0 
1 2 0.22 0.22 987.0 28.0 987.0 643.0 129.0 643.0 
1 3 0.96 0.96 987.0 28.0 987.0 643.0 129.0 643.0 193.0 142.0 193.0 
1 2 0.75 0.75 192.0 16.0 192.0 724.0 489.0 724.0 
1 2 0.85 0.85 161.0 39.0 161.0 171.0 104.0 171.0 
1 2 0.9 0.9 488.0 215.0 488.0 550.0 256.0 550.0 
1 2 0.47 0.47 484.0 45.0 484.0 689.0 262.0 689.0 
1 2 0.48 0.48 811.0 240.0 811.0 16.0 3.0 16.0 
1 3 0.62 0.62 811.0 240.0 811.0 16.0 3.0 16.0 359.0 51.0 359.0 
1 2 0.9 0.9 632.0 133.0 632.0 223.0 155.0 223.0 
1 2 0.95 0.95 447.0 420.0 447.0 204.0 4.0 204.0 
1 2 0.69 0.69 819.0 211.0 819.0 458.0 202.0 458.0 
1 2 0.72 0.72 291.0 184.0 291.0 340.0 31.0 340.0 
1 2 0.79 0.79 196.0 26.0 196.0 591.0 393.0 591.0 
1 2 0.95 0.95 436.0 37.0 436.0 150.0 130.0 150.0 
1 2 0.98 0.98 539.0 154.0 539.0 561.0 390.0 561.0 
1 2 0.94 0.94 66.0 62.0 66.0 381.0 2.0 381.0 
1 2 0.83 0.83 989.0 1.0 989.0 202.0 168.0 202.0 
1 2 0.77 0.77 744.0 54.0 744.0 681.0 475.0 681.0 
1 2 0.91 0.91 821.0 655.0 821.0 848.0 99.0 848.0 
1 2 0.92 0.92 229.0 91.0 229.0 302.0 160.0 302.0 
1 2 0.95 0.95 542.0 388.0 542.0 560.0 134.0 560.0 
1 2 0.67 0.67 193.0 117.0 193.0 343.0 25.0 343.0 
1 2 0.65 0.65 140.0 7.0 140.0 912.0 551.0 912.0 
1 2 0.79 0.79 163.0 41.0 163.0 977.0 528.0 977.0 
1 2 0.73 0.73 953.0 495.0 953.0 874.0 189.0 874.0 
1 3 0.79 0.79 953.0 495.0 953.0 874.0 189.0 874.0 528.0 31.0 528.0 
1 2 0.69 0.69 211.0 19.0 211.0 642.0 387.0 642.0 
1 2 0.53 0.53 458.0 34.0 458.0 644.0 295.0 644.0 
1 3 0.89 0.89 458.0 34.0 458.0 644.0 295.0 644.0 25.0 9.0 25.0 
1 2 0.8 0.8 21.0 8.0 21.0 147.0 63.0 147.0 
1 2 0.9 0.9 640.0 23.0 640.0 353.0 308.0 353.0 
1 2 0.86 0.86 947.0 32.0 947.0 753.0 628.0 753.0 
1 2 0.98 0.98 461.0 449.0 461.0 462.0 7.0 462.0 
1 2 0.79 0.79 31.0 4.0 31.0 502.0 335.0 502.0 
1 2 0.33 0.33 769.0 52.0 769.0 436.0 117.0 436.0 
1 2 0.39 0.39 231.0 71.0 231.0 841.0 70.0 841.0 
1 2 0.57 0.57 885.0 471.0 885.0 697.0 30.0 697.0 
1 2 0.36 0.36 628.0 77.0 628.0 796.0 191.0 796.0 
1 3 0.88 0.88 628.0 77.0 628.0 796.0 191.0 796.0 798.0 417.0 798.0 
1 2 0.85 0.85 981.0 623.0 981.0 224.0 50.0 224.0 
1 2 0.89 0.89 310.0 62.0 310.0 329.0 230.0 329.0 
1 2 0.4 0.4 239.0 34.0 239.0 488.0 130.0 488.0 
1 3 0.45 0.45 239.0 34.0 239.0 488.0 130.0 488.0 666.0 31.0 666.0 
1 4 0.82 0.82 239.0 34.0 239.0 488.0 130.0 488.0 666.0 31.0 666.0 370.0 135.0 370.0 
1 2 0.99 0.99 677.0 255.0 677.0 421.0 260.0 421.0 
1 2 0.61 0.61 333.0 40.0 333.0 324.0 160.0 324.0 
1 2 0.67 0.67 568.0 362.0 568.0 303.0 12.0 303.0 
1 2 0.75 0.75 943.0 537.0 943.0 866.0 159.0 866.0 
1 2 0.72 0.72 121.0 4.0 121.0 524.0 362.0 524.0 
1 2 0.8 0.8 479.0 15.0 479.0 712.0 553.0 712.0 
1 2 0.42 0.42 268.0 88.0 268.0 546.0 54.0 546.0 
1 3 0.79 0.79 268.0 88.0 268.0 546.0 54.0 546.0 634.0 235.0 634.0 
1 2 0.79 0.79 311.0 162.0 311.0 73.0 20.0 73.0 
1 2 0.91 0.91 205.0 70.0 205.0 7.0 4.0 7.0 
1 2 0.84 0.84 320.0 138.0 320.0 594.0 245.0 594.0 
1 2 0.96 0.96 242.0 98.0 242.0 203.0 113.0 203.0 
1 2 0.72 0.72 110.0 6.0 110.0 84.0 56.0 84.0 
1 2 0.65 0.65 46.0 6.0 46.0 621.0 328.0 621.0 
1 2 0.54 0.54 648.0 323.0 648.0 474.0 21.0 474.0 
1 3 0.83 0.83 648.0 323.0 648.0 474.0 21.0 474.0 471.0 139.0 471.0 
1 2 0.38 0.38 982.0 182.0 982.0 750.0 148.0 750.0 
1 3 0.64 0.64 982.0 182.0 982.0 750.0 148.0 750.0 554.0 145.0 554.0 
1 2 0.88 0.88 657.0 297.0 657.0 838.0 361.0 838.0 
1 2 0.95 0.95 44.0 24.0 44.0 545.0 224.0 545.0 
1 2 0.22 0.22 801.0 106.0 801.0 42.0 4.0 42.0 
1 3 0.83 0.83 801.0 106.0 801.0 42.0 4.0 42.0 146.0 88.0 146.0 
1 2 0.82 0.82 195.0 123.0 195.0 545.0 106.0 545.0 
1 2 0.68 0.68 383.0 47.0 383.0 374.0 210.0 374.0 
1 2 0.39 0.39 98.0 15.0 98.0 770.0 189.0 770.0 
1 3 0.98 0.98 98.0 15.0 98.0 770.0 189.0 770.0 383.0 224.0 383.0 
1 2 0.41 0.41 135.0 8.0 135.0 635.0 226.0 635.0 
1 3 0.72 0.72 135.0 8.0 135.0 635.0 226.0 635.0 832.0 259.0 832.0 
1 4 0.77 0.77 135.0 8.0 135.0 635.0 226.0 635.0 832.0 259.0 832.0 762.0 37.0 762.0 
1 2 0.75 0.75 781.0 574.0 781.0 92.0 2.0 92.0 
1 2 0.86 0.86 314.0 30.0 314.0 293.0 224.0 293.0 
1 2 0.93 0.93 865.0 719.0 865.0 423.0 42.0 423.0 
1 2 0.74 0.74 300.0 207.0 300.0 68.0 4.0 68.0 
1 2 0.16 0.16 637.0 8.0 637.0 299.0 47.0 299.0 
1 3 0.89 0.89 637.0 8.0 637.0 299.0 47.0 299.0 847.0 616.0 847.0 
1 2 0.47 0.47 239.0 9.0 239.0 503.0 220.0 503.0 
1 2 0.97 0.97 652.0 66.0 652.0 201.0 176.0 201.0 
1 2 0.42 0.42 798.0 175.0 798.0 57.0 12.0 57.0 
1 3 0.53 0.53 798.0 175.0 798.0 57.0 12.0 57.0 766.0 84.0 766.0 
1 2 0.87 0.87 502.0 107.0 502.0 405.0 270.0 405.0 
1 2 0.96 0.96 462.0 174.0 462.0 453.0 265.0 453.0 
1 2 0.74 0.74 832.0 504.0 832.0 142.0 20.0 142.0 
1 3 0.79 0.79 832.0 504.0 832.0 142.0 20.0 142.0 421.0 20.0 421.0 
1 2 0.59 0.59 366.0 143.0 366.0 707.0 147.0 707.0 
1 2 0.77 0.77 147.0 37.0 147.0 486.0 254.0 486.0 
1 2 0.75 0.75 447.0 206.0 447.0 999.0 296.0 999.0 
1 2 0.61 0.61 898.0 50.0 898.0 144.0 80.0 144.0 
1 2 0.85 0.85 753.0 474.0 753.0 18.0 4.0 18.0 
1 2 0.8 0.8 786.0 100.0 786.0 731.0 499.0 731.0 
1 3 0.87 0.87 786.0 100.0 786.0 731.0 499.0 731.0 162.0 10.0 162.0 
1 4 0.95 0.95 786.0 100.0 786.0 731.0 499.0 731.0 162.0 10.0 162.0 36.0 3.0 36.0 
1 2 0.58 0.58 127.0 73.0 127.0 605.0 4.0 605.0 
1 2 0.41 0.41 460.0 95.0 460.0 186.0 39.0 186.0 
1 2 0.45 0.45 357.0 2.0 357.0 702.0 316.0 702.0 
1 3 0.71 0.71 357.0 2.0 357.0 702.0 316.0 702.0 997.0 258.0 997.0 
1 2 0.9 0.9 670.0 440.0 670.0 187.0 47.0 187.0 
1 2 0.98 0.98 665.0 66.0 665.0 574.0 507.0 574.0 
1 2 0.96 0.96 465.0 331.0 465.0 24.0 6.0 24.0 
1 2 0.75 0.75 859.0 470.0 859.0 24.0 5.0 24.0 
1 2 0.67 0.67 308.0 104.0 308.0 3.0 1.0 3.0 
1 2 0.99 0.99 302.0 211.0 302.0 734.0 219.0 734.0 
1 2 0.72 0.72 809.0 500.0 809.0 149.0 16.0 149.0 
1 2 0.77 0.77 50.0 24.0 50.0 682.0 203.0 682.0 
1 2 0.99 0.99 134.0 4.0 134.0 274.0 264.0 274.0 
1 2 0.91 0.91 190.0 149.0 190.0 39.0 5.0 39.0 
1 2 0.77 0.77 252.0 25.0 252.0 324.0 219.0 324.0 
1 3 0.99 0.99 252.0 25.0 252.0 324.0 219.0 324.0 873.0 192.0 873.0 
1 2 0.73 0.73 5.0 1.0 5.0 943.0 506.0 943.0 
1 2 0.32 0.32 953.0 220.0 953.0 656.0 61.0 656.0 
1 3 0.95 0.95 953.0 220.0 953.0 656.0 61.0 656.0 92.0 58.0 92.0 
1 2 0.87 0.87 952.0 207.0 952.0 617.0 405.0 617.0 
1 2 0.71 0.71 514.0 334.0 514.0 646.0 39.0 646.0 
1 2 0.73 0.73 437.0 46.0 437.0 979.0 615.0 979.0 
1 3 0.82 0.82 437.0 46.0 437.0 979.0 615.0 979.0 292.0 27.0 292.0 
1 2 0.52 0.52 31.0 16.0 31.0 90.0 1.0 90.0 
1 3 0.68 0.68 31.0 16.0 31.0 90.0 1.0 90.0 117.0 18.0 117.0 
1 2 0.99 0.99 964.0 435.0 964.0 656.0 355.0 656.0 
1 2 0.8 0.8 261.0 36.0 261.0 226.0 151.0 226.0 
1 2 0.85 0.85 323.0 12.0 323.0 323.0 263.0 323.0 
1 2 0.49 0.49 238.0 3.0 238.0 528.0 256.0 528.0 
1 2 0.96 0.96 186.0 147.0 186.0 407.0 73.0 407.0 
1 2 0.96 0.96 845.0 783.0 845.0 377.0 15.0 377.0 
1 2 0.82 0.82 793.0 633.0 793.0 870.0 25.0 870.0 
1 2 0.77 0.77 84.0 26.0 84.0 169.0 79.0 169.0 
1 2 0.96 0.96 643.0 449.0 643.0 137.0 37.0 137.0 
1 2 0.73 0.73 995.0 287.0 995.0 349.0 156.0 349.0 
1 3 0.92 0.92 995.0 287.0 995.0 349.0 156.0 349.0 74.0 14.0 74.0 
1 2 0.73 0.73 366.0 59.0 366.0 573.0 330.0 573.0 
1 2 0.49 0.49 763.0 200.0 763.0 101.0 24.0 101.0 
1 2 0.62 0.62 934.0 418.0 934.0 151.0 27.0 151.0 
1 2 0.61 0.61 669.0 408.0 669.0 565.0 5.0 565.0 
1 2 0.79 0.79 951.0 434.0 951.0 968.0 332.0 968.0 
1 3 0.84 0.84 951.0 434.0 951.0 968.0 332.0 968.0 675.0 31.0 675.0 
1 2 0.67 0.67 560.0 204.0 560.0 608.0 190.0 608.0 
1 2 0.5 0.5 894.0 16.0 894.0 37.0 18.0 37.0 
1 3 0.85 0.85 894.0 16.0 894.0 37.0 18.0 37.0 920.0 319.0 920.0 
1 2 0.96 0.96 407.0 128.0 407.0 490.0 320.0 490.0 
1 2 0.71 0.71 90.0 4.0 90.0 445.0 297.0 445.0 
1 2 0.66 0.66 671.0 446.0 671.0 997.0 4.0 997.0 
1 2 0.48 0.48 581.0 108.0 581.0 481.0 143.0 481.0 
1 2 0.54 0.54 386.0 18.0 386.0 268.0 133.0 268.0 
1 2 0.52 0.52 688.0 130.0 688.0 234.0 78.0 234.0 
1 2 0.6 0.6 745.0 373.0 745.0 976.0 104.0 976.0 
1 2 0.64 0.64 996.0 5.0 996.0 715.0 455.0 715.0 
1 2 0.3 0.3 437.0 111.0 437.0 304.0 17.0 304.0 
1 2 0.9 0.9 435.0 233.0 435.0 776.0 285.0 776.0 
1 2 0.6 0.6 631.0 330.0 631.0 593.0 47.0 593.0 
1 2 0.94 0.94 332.0 154.0 332.0 572.0 273.0 572.0 
1 2 0.91 0.91 342.0 130.0 342.0 15.0 8.0 15.0 
1 2 0.64 0.64 534.0 59.0 534.0 755.0 402.0 755.0 
1 3 0.91 0.91 534.0 59.0 534.0 755.0 402.0 755.0 964.0 265.0 964.0 
1 2 0.86 0.86 730.0 474.0 730.0 427.0 92.0 427.0 
1 3 0.91 0.91 730.0 474.0 730.0 427.0 92.0 427.0 103.0 5.0 103.0 
1 2 0.86 0.86 396.0 123.0 396.0 785.0 432.0 785.0 
1 2 0.53 0.53 941.0 437.0 941.0 436.0 32.0 436.0 
1 2 0.93 0.93 474.0 352.0 474.0 778.0 146.0 778.0 
1 2 0.38 0.38 770.0 56.0 770.0 946.0 291.0 946.0 
1 2 0.84 0.84 353.0 142.0 353.0 136.0 60.0 136.0 
1 2 0.94 0.94 820.0 107.0 820.0 882.0 719.0 882.0 
1 2 0.84 0.84 896.0 622.0 896.0 66.0 10.0 66.0 
1 2 0.76 0.76 35.0 24.0 35.0 884.0 69.0 884.0 
1 2 0.75 0.75 888.0 459.0 888.0 421.0 101.0 421.0 
1 2 0.79 0.79 784.0 209.0 784.0 468.0 249.0 468.0 
1 2 0.85 0.85 933.0 780.0 933.0 281.0 4.0 281.0 
1 2 0.77 0.77 519.0 311.0 519.0 782.0 140.0 782.0 
1 2 0.52 0.52 547.0 205.0 547.0 988.0 145.0 988.0 
1 2 0.3 0.3 766.0 152.0 766.0 96.0 10.0 96.0 
1 2 0.58 0.58 846.0 77.0 846.0 747.0 372.0 747.0 
1 2 0.75 0.75 669.0 443.0 669.0 578.0 53.0 578.0 
1 2 0.97 0.97 707.0 339.0 707.0 759.0 378.0 759.0 
1 2 0.8 0.8 951.0 677.0 951.0 664.0 61.0 664.0 
1 2 0.99 0.99 522.0 155.0 522.0 320.0 223.0 320.0 
1 2 0.8 0.8 411.0 324.0 411.0 241.0 4.0 241.0 
1 2 0.9 0.9 775.0 428.0 775.0 358.0 126.0 358.0 
1 2 0.53 0.53 166.0 85.0 166.0 570.0 15.0 570.0 
1 2 0.96 0.96 444.0 319.0 444.0 652.0 161.0 652.0 
1 2 0.97 0.97 557.0 451.0 557.0 506.0 85.0 506.0 
1 2 0.86 0.86 600.0 398.0 600.0 339.0 70.0 339.0 
1 2 0.86 0.86 88.0 30.0 88.0 748.0 391.0 748.0 
1 2 0.83 0.83 570.0 459.0 570.0 508.0 14.0 508.0 
1 2 0.67 0.67 160.0 92.0 160.0 570.0 56.0 570.0 
1 2 0.91 0.91 539.0 263.0 539.0 47.0 20.0 47.0 
1 2 0.96 0.96 413.0 91.0 413.0 148.0 110.0 148.0 
1 2 0.94 0.94 931.0 776.0 931.0 321.0 37.0 321.0 
1 2 0.65 0.65 656.0 72.0 656.0 962.0 520.0 962.0 
1 2 0.81 0.81 166.0 22.0 166.0 667.0 454.0 667.0 
1 2 0.66 0.66 128.0 42.0 128.0 941.0 319.0 941.0 
1 3 0.89 0.89 128.0 42.0 128.0 941.0 319.0 941.0 400.0 93.0 400.0 
1 2 0.86 0.86 592.0 355.0 592.0 775.0 206.0 775.0 
1 2 0.95 0.95 83.0 11.0 83.0 213.0 176.0 213.0 
1 2 0.85 0.85 615.0 479.0 615.0 748.0 55.0 748.0 
1 2 0.72 0.72 148.0 73.0 148.0 601.0 141.0 601.0 
1 2 0.96 0.96 414.0 231.0 414.0 486.0 198.0 486.0 
1 2 0.57 0.57 220.0 55.0 220.0 961.0 312.0 961.0 
1 2 0.77 0.77 372.0 279.0 372.0 582.0 12.0 582.0 
1 3 0.96 0.96 372.0 279.0 372.0 582.0 12.0 582.0 577.0 112.0 577.0 
1 2 0.83 0.83 675.0 396.0 675.0 218.0 55.0 218.0 
1 2 0.91 0.91 878.0 710.0 878.0 202.0 21.0 202.0 
1 2 0.32 0.32 729.0 100.0 729.0 164.0 30.0 164.0 
1 3 0.38 0.38 729.0 100.0 729.0 164.0 30.0 164.0 960.0 67.0 960.0 
1 4 0.78 0.78 729.0 100.0 729.0 164.0 30.0 164.0 960.0 67.0 960.0 536.0 211.0 536.0 
1 5 0.84 0.84 729.0 100.0 729.0 164.0 30.0 164.0 960.0 67.0 960.0 536.0 211.0 536.0 432.0 26.0 432.0 
1 2 0.75 0.75 746.0 540.0 746.0 868.0 28.0 868.0 
1 3 0.86 0.86 746.0 540.0 746.0 868.0 28.0 868.0 816.0 89.0 816.0 
1 2 0.42 0.42 869.0 35.0 869.0 576.0 222.0 576.0 
1 3 0.93 0.93 869.0 35.0 869.0 576.0 222.0 576.0 924.0 474.0 924.0 
1 2 0.74 0.74 68.0 36.0 68.0 996.0 211.0 996.0 
1 2 0.37 0.37 236.0 82.0 236.0 572.0 15.0 572.0 
1 2 0.71 0.71 124.0 31.0 124.0 288.0 135.0 288.0 
1 2 0.31 0.31 402.0 117.0 402.0 507.0 14.0 507.0 
1 2 0.92 0.92 159.0 97.0 159.0 957.0 305.0 957.0 
1 2 0.92 0.92 529.0 480.0 529.0 227.0 3.0 227.0 
1 2 0.77 0.77 601.0 89.0 601.0 190.0 119.0 190.0 
1 2 0.57 0.57 864.0 312.0 864.0 952.0 203.0 952.0 
1 3 0.97 0.97 864.0 312.0 864.0 952.0 203.0 952.0 568.0 228.0 568.0 
1 2 0.89 0.89 295.0 25.0 295.0 31.0 25.0 31.0 
1 2 0.91 0.91 643.0 431.0 643.0 400.0 99.0 400.0 
1 2 0.62 0.62 408.0 100.0 408.0 392.0 150.0 392.0 
1 3 0.74 0.74 408.0 100.0 408.0 392.0 150.0 392.0 327.0 38.0 327.0 
1 4 0.91 0.91 408.0 100.0 408.0 392.0 150.0 392.0 327.0 38.0 327.0 100.0 17.0 100.0 
1 2 0.98 0.98 458.0 411.0 458.0 491.0 43.0 491.0 
1 2 0.92 0.92 306.0 121.0 306.0 460.0 243.0 460.0 
1 2 0.53 0.53 570.0 21.0 570.0 97.0 48.0 97.0 
1 2 0.75 0.75 261.0 133.0 261.0 250.0 62.0 250.0 
1 3 0.83 0.83 261.0 133.0 261.0 250.0 62.0 250.0 670.0 49.0 670.0 
1 2 0.18 0.18 636.0 98.0 636.0 792.0 23.0 792.0 
1 3 0.32 0.32 636.0 98.0 636.0 792.0 23.0 792.0 143.0 20.0 143.0 
1 2 0.85 0.85 323.0 233.0 323.0 218.0 30.0 218.0 
1 2 0.95 0.95 4.0 1.0 4.0 894.0 634.0 894.0 
1 2 0.74 0.74 790.0 428.0 790.0 130.0 27.0 130.0 
1 3 0.94 0.94 790.0 428.0 790.0 130.0 27.0 130.0 372.0 73.0 372.0 
1 2 0.87 0.87 956.0 149.0 956.0 101.0 73.0 101.0 
1 2 0.98 0.98 428.0 174.0 428.0 392.0 227.0 392.0 
1 2 0.46 0.46 743.0 83.0 743.0 521.0 186.0 521.0 
1 2 0.88 0.88 150.0 117.0 150.0 377.0 40.0 377.0 
1 2 0.28 0.28 775.0 166.0 775.0 214.0 16.0 214.0 
1 2 0.86 0.86 888.0 91.0 888.0 567.0 431.0 567.0 
1 2 0.32 0.32 286.0 62.0 286.0 311.0 33.0 311.0 
1 3 0.42 0.42 286.0 62.0 286.0 311.0 33.0 311.0 975.0 96.0 975.0 
1 4 0.93 0.93 286.0 62.0 286.0 311.0 33.0 311.0 975.0 96.0 975.0 400.0 204.0 400.0 
1 2 0.26 0.26 682.0 4.0 682.0 244.0 63.0 244.0 
1 3 0.95 0.95 682.0 4.0 682.0 244.0 63.0 244.0 39.0 27.0 39.0 
1 2 0.87 0.87 201.0 144.0 201.0 194.0 31.0 194.0 
1 2 0.85 0.85 507.0 300.0 507.0 497.0 131.0 497.0 
1 2 0.55 0.55 961.0 155.0 961.0 311.0 123.0 311.0 
1 2 0.95 0.95 805.0 166.0 805.0 498.0 373.0 498.0 
1 2 0.16 0.16 354.0 42.0 354.0 427.0 19.0 427.0 
1 3 0.95 0.95 354.0 42.0 354.0 427.0 19.0 427.0 402.0 317.0 402.0 
1 2 0.78 0.78 71.0 53.0 71.0 718.0 28.0 718.0 
1 2 0.86 0.86 967.0 120.0 967.0 496.0 369.0 496.0 
1 2 0.76 0.76 466.0 322.0 466.0 773.0 59.0 773.0 
1 3 0.8 0.8 466.0 322.0 466.0 773.0 59.0 773.0 488.0 19.0 488.0 
1 2 0.92 0.92 66.0 20.0 66.0 900.0 559.0 900.0 
1 2 0.74 0.74 31.0 19.0 31.0 126.0 17.0 126.0 
1 2 0.65 0.65 241.0 18.0 241.0 562.0 328.0 562.0 
1 2 0.67 0.67 530.0 153.0 530.0 529.0 202.0 529.0 
1 2 0.91 0.91 37.0 3.0 37.0 996.0 835.0 996.0 
1 2 0.89 0.89 168.0 53.0 168.0 952.0 547.0 952.0 
1 2 0.27 0.27 418.0 60.0 418.0 539.0 73.0 539.0 
1 2 0.31 0.31 576.0 54.0 576.0 470.0 104.0 470.0 
1 3 0.96 0.96 576.0 54.0 576.0 470.0 104.0 470.0 293.0 190.0 293.0 
1 4 0.98 0.98 576.0 54.0 576.0 470.0 104.0 470.0 293.0 190.0 293.0 171.0 4.0 171.0 
1 2 0.92 0.92 688.0 330.0 688.0 432.0 193.0 432.0 
1 2 0.88 0.88 925.0 663.0 925.0 983.0 163.0 983.0 
1 2 0.9 0.9 715.0 190.0 715.0 104.0 66.0 104.0 
1 2 0.94 0.94 158.0 26.0 158.0 372.0 291.0 372.0 
1 3 0.96 0.96 158.0 26.0 158.0 372.0 291.0 372.0 990.0 22.0 990.0 
1 2 0.79 0.79 49.0 36.0 49.0 268.0 16.0 268.0 
1 2 0.84 0.84 344.0 269.0 344.0 991.0 58.0 991.0 
1 3 0.87 0.87 344.0 269.0 344.0 991.0 58.0 991.0 811.0 24.0 811.0 
1 2 0.87 0.87 764.0 488.0 764.0 880.0 208.0 880.0 
1 2 0.84 0.84 923.0 552.0 923.0 671.0 166.0 671.0 
1 2 0.76 0.76 784.0 497.0 784.0 603.0 77.0 603.0 
1 2 0.65 0.65 976.0 382.0 976.0 69.0 18.0 69.0 
1 2 0.83 0.83 803.0 551.0 803.0 205.0 30.0 205.0 
1 2 0.66 0.66 873.0 249.0 873.0 694.0 261.0 694.0 
1 2 0.95 0.95 10.0 1.0 10.0 713.0 613.0 713.0 
1 2 0.95 0.95 997.0 488.0 997.0 26.0 12.0 26.0 
1 2 0.71 0.71 391.0 128.0 391.0 767.0 296.0 767.0 
1 2 0.81 0.81 469.0 156.0 469.0 583.0 280.0 583.0 
1 2 0.82 0.82 581.0 137.0 581.0 891.0 528.0 891.0 
1 2 0.67 0.67 590.0 165.0 590.0 86.0 34.0 86.0 
1 3 0.91 0.91 590.0 165.0 590.0 86.0 34.0 86.0 712.0 173.0 712.0 
1 2 0.81 0.81 251.0 48.0 251.0 634.0 395.0 634.0 
1 2 0.6 0.6 846.0 7.0 846.0 10.0 6.0 10.0 
1 3 0.85 0.85 846.0 7.0 846.0 10.0 6.0 10.0 32.0 8.0 32.0 
1 2 0.39 0.39 403.0 37.0 403.0 351.0 105.0 351.0 
1 2 0.33 0.33 854.0 231.0 854.0 179.0 11.0 179.0 
1 2 0.78 0.78 295.0 169.0 295.0 442.0 92.0 442.0 
1 3 0.86 0.86 295.0 169.0 295.0 442.0 92.0 442.0 68.0 6.0 68.0 
1 2 0.85 0.85 98.0 64.0 98.0 200.0 41.0 200.0 
1 2 0.71 0.71 558.0 106.0 558.0 162.0 85.0 162.0 
1 3 0.99 0.99 558.0 106.0 558.0 162.0 85.0 162.0 524.0 148.0 524.0 
1 2 0.94 0.94 442.0 8.0 442.0 422.0 391.0 422.0 
1 2 0.97 0.97 548.0 88.0 548.0 512.0 417.0 512.0 
1 2 0.55 0.55 33.0 1.0 33.0 504.0 266.0 504.0 
1 2 0.95 0.95 910.0 593.0 910.0 437.0 132.0 437.0 
1 2 0.35 0.35 449.0 1.0 449.0 511.0 181.0 511.0 
1 2 0.33 0.33 479.0 16.0 479.0 854.0 254.0 854.0 
1 2 0.62 0.62 625.0 337.0 625.0 139.0 12.0 139.0 
1 2 0.58 0.58 179.0 83.0 179.0 690.0 82.0 690.0 
1 2 0.88 0.88 530.0 174.0 530.0 998.0 553.0 998.0 
1 2 0.82 0.82 411.0 122.0 411.0 611.0 325.0 611.0 
1 2 0.59 0.59 158.0 77.0 158.0 740.0 83.0 740.0 
1 3 0.95 0.95 158.0 77.0 158.0 740.0 83.0 740.0 505.0 181.0 505.0 
1 2 0.59 0.59 801.0 452.0 801.0 519.0 15.0 519.0 
1 2 0.37 0.37 283.0 48.0 283.0 652.0 136.0 652.0 
1 2 0.84 0.84 736.0 386.0 736.0 240.0 77.0 240.0 
1 2 0.72 0.72 127.0 74.0 127.0 801.0 110.0 801.0 
1 2 0.75 0.75 921.0 583.0 921.0 453.0 57.0 453.0 
1 2 0.71 0.71 72.0 34.0 72.0 42.0 10.0 42.0 
1 2 0.83 0.83 747.0 164.0 747.0 560.0 346.0 560.0 
1 2 0.82 0.82 825.0 265.0 825.0 292.0 148.0 292.0 
1 2 0.99 0.99 633.0 584.0 633.0 485.0 37.0 485.0 
1 2 0.6 0.6 542.0 25.0 542.0 559.0 313.0 559.0 
1 3 0.78 0.78 542.0 25.0 542.0 559.0 313.0 559.0 283.0 50.0 283.0 
1 2 0.98 0.98 457.0 186.0 457.0 639.0 368.0 639.0 
1 2 0.61 0.61 925.0 494.0 925.0 543.0 43.0 543.0 
1 2 0.76 0.76 353.0 198.0 353.0 109.0 22.0 109.0 
1 2 0.84 0.84 321.0 163.0 321.0 696.0 236.0 696.0 
1 2 0.79 0.79 402.0 6.0 402.0 506.0 397.0 506.0 
1 2 0.84 0.84 841.0 207.0 841.0 488.0 292.0 488.0 
1 2 0.96 0.96 633.0 603.0 633.0 155.0 2.0 155.0 
1 2 0.83 0.83 23.0 4.0 23.0 941.0 626.0 941.0 
1 2 0.81 0.81 772.0 455.0 772.0 160.0 36.0 160.0 
1 2 0.87 0.87 822.0 672.0 822.0 708.0 38.0 708.0 
1 2 0.71 0.71 459.0 54.0 459.0 80.0 48.0 80.0 
1 2 0.7 0.7 378.0 92.0 378.0 624.0 290.0 624.0 
1 2 0.78 0.78 672.0 26.0 672.0 655.0 486.0 655.0 
1 2 0.81 0.81 657.0 360.0 657.0 664.0 178.0 664.0 
1 2 0.36 0.36 389.0 123.0 389.0 61.0 3.0 61.0 
1 3 0.94 0.94 389.0 123.0 389.0 61.0 3.0 61.0 38.0 22.0 38.0 
1 2 0.69 0.69 270.0 177.0 270.0 246.0 9.0 246.0 
1 2 0.56 0.56 840.0 437.0 840.0 592.0 26.0 592.0 
1 2 0.97 0.97 909.0 344.0 909.0 152.0 91.0 152.0 
1 2 0.78 0.78 336.0 200.0 336.0 514.0 96.0 514.0 
1 2 0.97 0.97 298.0 28.0 298.0 427.0 377.0 427.0 
1 2 0.16 0.16 864.0 140.0 864.0 450.0 3.0 450.0 
1 3 0.68 0.68 864.0 140.0 864.0 450.0 3.0 450.0 861.0 442.0 861.0 
1 2 0.33 0.33 604.0 24.0 604.0 334.0 99.0 334.0 
1 3 0.62 0.62 604.0 24.0 604.0 334.0 99.0 334.0 996.0 291.0 996.0 
1 2 0.91 0.91 234.0 129.0 234.0 994.0 361.0 994.0 
1 2 0.97 0.97 960.0 66.0 960.0 571.0 519.0 571.0 
1 2 0.9 0.9 342.0 300.0 342.0 711.0 21.0 711.0 
1 2 0.97 0.97 408.0 213.0 408.0 749.0 340.0 749.0 
1 2 0.78 0.78 653.0 480.0 653.0 310.0 17.0 310.0 
1 2 0.24 0.24 936.0 119.0 936.0 164.0 20.0 164.0 
1 3 0.49 0.49 936.0 119.0 936.0 164.0 20.0 164.0 12.0 3.0 12.0 
1 2 0.35 0.35 375.0 15.0 375.0 752.0 235.0 752.0 
1 3 0.42 0.42 375.0 15.0 375.0 752.0 235.0 752.0 387.0 29.0 387.0 
1 2 0.82 0.82 49.0 37.0 49.0 917.0 60.0 917.0 
1 2 0.43 0.43 333.0 37.0 333.0 823.0 268.0 823.0 
1 3 0.58 0.58 333.0 37.0 333.0 823.0 268.0 823.0 299.0 45.0 299.0 
1 2 0.88 0.88 120.0 103.0 120.0 592.0 18.0 592.0 
1 2 0.91 0.91 648.0 216.0 648.0 998.0 582.0 998.0 
1 2 0.96 0.96 985.0 667.0 985.0 554.0 160.0 554.0 
1 2 0.81 0.81 745.0 598.0 745.0 644.0 5.0 644.0 
1 2 0.23 0.23 886.0 68.0 886.0 992.0 153.0 992.0 
1 3 0.53 0.53 886.0 68.0 886.0 992.0 153.0 992.0 608.0 187.0 608.0 
1 4 0.86 0.86 886.0 68.0 886.0 992.0 153.0 992.0 608.0 187.0 608.0 517.0 167.0 517.0 
1 2 0.79 0.79 462.0 37.0 462.0 76.0 54.0 76.0 
1 2 0.42 0.42 680.0 7.0 680.0 426.0 178.0 426.0 
1 2 0.7 0.7 977.0 46.0 977.0 385.0 254.0 385.0 
1 2 0.93 0.93 185.0 129.0 185.0 383.0 90.0 383.0 
1 2 0.62 0.62 66.0 20.0 66.0 919.0 300.0 919.0 
1 2 0.59 0.59 180.0 43.0 180.0 936.0 329.0 936.0 
1 3 0.61 0.61 180.0 43.0 180.0 936.0 329.0 936.0 853.0 17.0 853.0 
1 2 0.9 0.9 513.0 19.0 513.0 879.0 763.0 879.0 
1 2 0.99 0.99 445.0 409.0 445.0 13.0 1.0 13.0 
1 2 0.97 0.97 788.0 642.0 788.0 855.0 133.0 855.0 
1 2 0.82 0.82 635.0 445.0 635.0 166.0 21.0 166.0 
1 2 0.67 0.67 999.0 582.0 999.0 373.0 33.0 373.0 
1 2 0.98 0.98 511.0 35.0 511.0 23.0 21.0 23.0 
1 2 0.91 0.91 470.0 262.0 470.0 672.0 240.0 672.0 
1 2 0.72 0.72 909.0 569.0 909.0 909.0 92.0 909.0 
1 2 0.92 0.92 110.0 47.0 110.0 843.0 416.0 843.0 
1 2 0.81 0.81 905.0 656.0 905.0 284.0 26.0 284.0 
1 2 0.45 0.45 564.0 174.0 564.0 301.0 43.0 301.0 
1 2 0.73 0.73 818.0 424.0 818.0 734.0 159.0 734.0 
1 3 0.98 0.98 818.0 424.0 818.0 734.0 159.0 734.0 978.0 242.0 978.0 
1 2 0.95 0.95 66.0 42.0 66.0 240.0 77.0 240.0 
1 2 0.88 0.88 6.0 2.0 6.0 992.0 544.0 992.0 
1 2 0.97 0.97 186.0 24.0 186.0 147.0 125.0 147.0 
1 2 0.59 0.59 210.0 12.0 210.0 149.0 80.0 149.0 
1 2 0.81 0.81 401.0 100.0 401.0 211.0 119.0 211.0 
1 3 0.96 0.96 401.0 100.0 401.0 211.0 119.0 211.0 54.0 8.0 54.0 
1 2 0.64 0.64 807.0 487.0 807.0 640.0 27.0 640.0 
1 2 0.79 0.79 673.0 142.0 673.0 959.0 559.0 959.0 
1 2 0.4 0.4 235.0 85.0 235.0 107.0 5.0 107.0 
1 3 0.91 0.91 235.0 85.0 235.0 107.0 5.0 107.0 61.0 31.0 61.0 
1 2 0.83 0.83 199.0 67.0 199.0 743.0 371.0 743.0 
1 2 0.51 0.51 388.0 1.0 388.0 768.0 392.0 768.0 
1 2 0.66 0.66 629.0 77.0 629.0 719.0 390.0 719.0 
1 2 0.87 0.87 39.0 19.0 39.0 300.0 117.0 300.0 
1 2 0.59 0.59 547.0 150.0 547.0 406.0 129.0 406.0 
1 2 0.62 0.62 114.0 11.0 114.0 482.0 255.0 482.0 
1 2 0.51 0.51 850.0 33.0 850.0 973.0 461.0 973.0 
1 3 0.8 0.8 850.0 33.0 850.0 973.0 461.0 973.0 449.0 130.0 449.0 
1 2 0.53 0.53 889.0 14.0 889.0 819.0 429.0 819.0 
1 3 0.91 0.91 889.0 14.0 889.0 819.0 429.0 819.0 24.0 9.0 24.0 
1 2 0.83 0.83 125.0 93.0 125.0 182.0 16.0 182.0 
1 2 0.47 0.47 505.0 83.0 505.0 509.0 157.0 509.0 
1 2 0.6 0.6 367.0 149.0 367.0 225.0 44.0 225.0 
1 2 0.36 0.36 539.0 167.0 539.0 500.0 29.0 500.0 
1 3 0.72 0.72 539.0 167.0 539.0 500.0 29.0 500.0 373.0 132.0 373.0 
1 2 0.28 0.28 140.0 30.0 140.0 862.0 62.0 862.0 
1 3 0.82 0.82 140.0 30.0 140.0 862.0 62.0 862.0 446.0 240.0 446.0 
1 2 0.68 0.68 808.0 460.0 808.0 337.0 39.0 337.0 
1 2 0.79 0.79 43.0 13.0 43.0 468.0 229.0 468.0 
1 2 0.63 0.63 743.0 199.0 743.0 248.0 91.0 248.0 
1 2 0.73 0.73 836.0 406.0 836.0 502.0 126.0 502.0 
1 2 0.81 0.81 348.0 177.0 348.0 811.0 250.0 811.0 
1 2 0.98 0.98 610.0 193.0 610.0 306.0 204.0 306.0 
1 2 0.71 0.71 224.0 107.0 224.0 969.0 227.0 969.0 
1 2 0.77 0.77 633.0 415.0 633.0 492.0 61.0 492.0 
1 2 0.98 0.98 528.0 186.0 528.0 201.0 128.0 201.0 
1 2 0.8 0.8 977.0 258.0 977.0 133.0 72.0 133.0 
1 2 0.92 0.92 785.0 275.0 785.0 358.0 206.0 358.0 
1 2 0.79 0.79 949.0 58.0 949.0 315.0 231.0 315.0 
1 2 0.73 0.73 306.0 185.0 306.0 30.0 4.0 30.0 
1 2 0.86 0.86 600.0 388.0 600.0 879.0 196.0 879.0 
1 2 0.28 0.28 524.0 44.0 524.0 418.0 82.0 418.0 
1 3 0.39 0.39 524.0 44.0 524.0 418.0 82.0 418.0 854.0 98.0 854.0 
1 2 0.58 0.58 6.0 2.0 6.0 515.0 131.0 515.0 
1 3 0.67 0.67 6.0 2.0 6.0 515.0 131.0 515.0 304.0 26.0 304.0 
1 2 0.87 0.87 665.0 183.0 665.0 15.0 9.0 15.0 
1 2 0.83 0.83 90.0 12.0 90.0 300.0 210.0 300.0 
1 2 0.8 0.8 169.0 65.0 169.0 835.0 347.0 835.0 
1 2 0.59 0.59 245.0 136.0 245.0 709.0 29.0 709.0 
1 3 0.91 0.91 245.0 136.0 245.0 709.0 29.0 709.0 134.0 43.0 134.0 
1 2 0.78 0.78 592.0 211.0 592.0 470.0 203.0 470.0 
1 2 0.93 0.93 220.0 56.0 220.0 127.0 86.0 127.0 
1 2 0.41 0.41 250.0 11.0 250.0 27.0 10.0 27.0 
1 2 0.92 0.92 359.0 138.0 359.0 899.0 483.0 899.0 
1 2 0.47 0.47 557.0 11.0 557.0 210.0 96.0 210.0 
1 3 0.8 0.8 557.0 11.0 557.0 210.0 96.0 210.0 64.0 21.0 64.0 
1 2 0.66 0.66 533.0 278.0 533.0 86.0 12.0 86.0 
1 2 0.9 0.9 293.0 48.0 293.0 495.0 365.0 495.0 
1 2 0.83 0.83 511.0 176.0 511.0 757.0 374.0 757.0 
1 3 0.96 0.96 511.0 176.0 511.0 757.0 374.0 757.0 299.0 38.0 299.0 
1 2 0.91 0.91 916.0 165.0 916.0 923.0 682.0 923.0 
1 2 0.52 0.52 501.0 27.0 501.0 774.0 365.0 774.0 
1 2 0.68 0.68 672.0 121.0 672.0 965.0 488.0 965.0 
1 2 0.25 0.25 524.0 93.0 524.0 800.0 64.0 800.0 
1 2 0.84 0.84 899.0 64.0 899.0 645.0 501.0 645.0 
1 2 0.71 0.71 174.0 97.0 174.0 289.0 46.0 289.0 
1 3 0.9 0.9 174.0 97.0 174.0 289.0 46.0 289.0 966.0 182.0 966.0 
1 2 0.72 0.72 744.0 410.0 744.0 448.0 77.0 448.0 
1 2 0.71 0.71 570.0 146.0 570.0 594.0 272.0 594.0 
1 2 0.8 0.8 424.0 118.0 424.0 915.0 486.0 915.0 
1 2 0.75 0.75 449.0 196.0 449.0 722.0 233.0 722.0 
1 3 0.89 0.89 449.0 196.0 449.0 722.0 233.0 722.0 908.0 124.0 908.0 
1 2 0.37 0.37 860.0 141.0 860.0 945.0 198.0 945.0 
1 3 0.67 0.67 860.0 141.0 860.0 945.0 198.0 945.0 37.0 11.0 37.0 
1 2 0.55 0.55 144.0 76.0 144.0 408.0 10.0 408.0 
1 2 0.39 0.39 581.0 109.0 581.0 228.0 47.0 228.0 
1 3 0.95 0.95 581.0 109.0 581.0 228.0 47.0 228.0 394.0 221.0 394.0 
1 2 0.93 0.93 140.0 126.0 140.0 699.0 23.0 699.0 
1 2 0.84 0.84 426.0 59.0 426.0 252.0 178.0 252.0 
1 2 0.92 0.92 110.0 12.0 110.0 319.0 261.0 319.0 
1 2 0.68 0.68 928.0 559.0 928.0 138.0 12.0 138.0 
1 2 0.88 0.88 581.0 7.0 581.0 396.0 345.0 396.0 
1 2 0.77 0.77 711.0 92.0 711.0 688.0 444.0 688.0 
1 3 0.79 0.79 711.0 92.0 711.0 688.0 444.0 688.0 143.0 3.0 143.0 
1 2 0.62 0.62 727.0 127.0 727.0 764.0 342.0 764.0 
1 2 0.94 0.94 892.0 381.0 892.0 420.0 217.0 420.0 
1 2 0.87 0.87 516.0 100.0 516.0 338.0 229.0 338.0 
1 2 0.78 0.78 404.0 237.0 404.0 650.0 130.0 650.0 
1 2 0.51 0.51 190.0 67.0 190.0 236.0 38.0 236.0 
1 2 0.7 0.7 32.0 13.0 32.0 874.0 264.0 874.0 
1 2 0.77 0.77 301.0 176.0 301.0 872.0 165.0 872.0 
1 2 0.74 0.74 750.0 129.0 750.0 254.0 145.0 254.0 
1 2 0.79 0.79 512.0 175.0 512.0 932.0 419.0 932.0 
1 2 0.95 0.95 980.0 114.0 980.0 262.0 220.0 262.0 
1 2 0.89 0.89 536.0 305.0 536.0 87.0 28.0 87.0 
1 2 0.85 0.85 605.0 511.0 605.0 777.0 7.0 777.0 
1 2 0.65 0.65 643.0 244.0 643.0 145.0 40.0 145.0 
1 2 0.89 0.89 752.0 211.0 752.0 549.0 336.0 549.0 
1 2 0.63 0.63 310.0 99.0 310.0 757.0 242.0 757.0 
1 3 0.8 0.8 310.0 99.0 310.0 757.0 242.0 757.0 118.0 19.0 118.0 
1 2 0.9 0.9 497.0 155.0 497.0 716.0 426.0 716.0 
1 2 0.43 0.43 321.0 95.0 321.0 618.0 85.0 618.0 
1 2 0.72 0.72 375.0 74.0 375.0 504.0 267.0 504.0 
1 2 0.12 0.12 867.0 10.0 867.0 602.0 71.0 602.0 
1 3 0.94 0.94 867.0 10.0 867.0 602.0 71.0 602.0 906.0 743.0 906.0 
1 2 0.92 0.92 629.0 528.0 629.0 773.0 66.0 773.0 
1 2 0.84 0.84 92.0 33.0 92.0 41.0 20.0 41.0 
1 2 0.71 0.71 945.0 82.0 945.0 19.0 12.0 19.0 
1 2 0.79 0.79 844.0 518.0 844.0 551.0 98.0 551.0 
1 2 0.88 0.88 24.0 21.0 24.0 686.0 9.0 686.0 
1 2 0.91 0.91 764.0 600.0 764.0 186.0 24.0 186.0 
1 2 0.6 0.6 828.0 465.0 828.0 162.0 7.0 162.0 
1 2 0.65 0.65 272.0 125.0 272.0 394.0 76.0 394.0 
1 2 0.9 0.9 910.0 510.0 910.0 887.0 306.0 887.0 
1 2 0.94 0.94 380.0 61.0 380.0 200.0 157.0 200.0 
1 2 0.26 0.26 349.0 75.0 349.0 748.0 34.0 748.0 
1 2 0.92 0.92 782.0 488.0 782.0 46.0 14.0 46.0 
1 2 0.65 0.65 5.0 3.0 5.0 813.0 43.0 813.0 
1 2 0.74 0.74 332.0 161.0 332.0 845.0 220.0 845.0 
1 2 0.39 0.39 676.0 202.0 676.0 853.0 82.0 853.0 
1 3 0.89 0.89 676.0 202.0 676.0 853.0 82.0 853.0 8.0 4.0 8.0 
1 4 0.91 0.91 676.0 202.0 676.0 853.0 82.0 853.0 8.0 4.0 8.0 942.0 19.0 942.0 
1 2 0.9 0.9 682.0 453.0 682.0 422.0 102.0 422.0 
1 2 0.73 0.73 470.0 328.0 470.0 724.0 29.0 724.0 
1 2 0.82 0.82 317.0 20.0 317.0 645.0 493.0 645.0 
1 2 0.72 0.72 480.0 29.0 480.0 749.0 495.0 749.0 
1 2 0.62 0.62 78.0 40.0 78.0 96.0 11.0 96.0 
1 2 0.36 0.36 538.0 45.0 538.0 79.0 22.0 79.0 
1 2 0.77 0.77 451.0 86.0 451.0 189.0 110.0 189.0 
1 3 0.93 0.93 451.0 86.0 451.0 189.0 110.0 189.0 772.0 128.0 772.0 
1 2 0.55 0.55 41.0 22.0 41.0 893.0 12.0 893.0 
1 2 0.65 0.65 934.0 73.0 934.0 886.0 514.0 886.0 
1 2 0.6 0.6 689.0 75.0 689.0 359.0 177.0 359.0 
1 2 0.67 0.67 112.0 49.0 112.0 709.0 171.0 709.0 
1 2 0.85 0.85 457.0 28.0 457.0 847.0 675.0 847.0 
1 2 0.8 0.8 989.0 172.0 989.0 823.0 523.0 823.0 
1 3 0.84 0.84 989.0 172.0 989.0 823.0 523.0 823.0 87.0 3.0 87.0 
