1 2 0.58 0.58 504.0 18.0 504.0 190.0 105.0 190.0 
1 2 0.98 0.98 943.0 858.0 943.0 42.0 3.0 42.0 
1 2 0.85 0.85 147.0 93.0 147.0 611.0 135.0 611.0 
1 2 0.89 0.89 268.0 88.0 268.0 642.0 365.0 642.0 
1 2 0.89 0.89 236.0 200.0 236.0 624.0 28.0 624.0 
1 2 0.92 0.92 884.0 768.0 884.0 69.0 4.0 69.0 
1 2 0.98 0.98 316.0 44.0 316.0 414.0 352.0 414.0 
1 2 0.87 0.87 471.0 325.0 471.0 569.0 105.0 569.0 
1 2 0.97 0.97 833.0 232.0 833.0 434.0 301.0 434.0 
1 2 0.83 0.83 370.0 213.0 370.0 381.0 99.0 381.0 
1 2 0.7 0.7 938.0 536.0 938.0 227.0 30.0 227.0 
1 2 0.99 0.99 451.0 348.0 451.0 531.0 118.0 531.0 
1 2 0.6 0.6 702.0 53.0 702.0 137.0 73.0 137.0 
1 2 0.74 0.74 164.0 107.0 164.0 110.0 10.0 110.0 
1 2 0.66 0.66 999.0 156.0 999.0 935.0 475.0 935.0 
1 2 0.95 0.95 249.0 86.0 249.0 760.0 462.0 760.0 
1 2 0.85 0.85 174.0 28.0 174.0 711.0 493.0 711.0 
1 2 0.89 0.89 812.0 271.0 812.0 70.0 39.0 70.0 
1 2 0.67 0.67 389.0 58.0 389.0 253.0 134.0 253.0 
1 2 0.86 0.86 809.0 196.0 809.0 447.0 279.0 447.0 
1 2 0.82 0.82 900.0 655.0 900.0 382.0 39.0 382.0 
1 2 0.73 0.73 731.0 524.0 731.0 88.0 2.0 88.0 
1 3 0.93 0.93 731.0 524.0 731.0 88.0 2.0 88.0 796.0 156.0 796.0 
1 2 0.78 0.78 977.0 56.0 977.0 73.0 53.0 73.0 
1 2 0.79 0.79 655.0 80.0 655.0 399.0 270.0 399.0 
1 2 0.53 0.53 826.0 231.0 826.0 307.0 77.0 307.0 
1 2 0.78 0.78 644.0 433.0 644.0 653.0 76.0 653.0 
1 2 0.96 0.96 153.0 55.0 153.0 942.0 572.0 942.0 
1 2 0.82 0.82 374.0 275.0 374.0 801.0 74.0 801.0 
1 2 0.73 0.73 293.0 15.0 293.0 253.0 173.0 253.0 
1 2 0.7 0.7 410.0 29.0 410.0 595.0 380.0 595.0 
1 2 0.95 0.95 458.0 372.0 458.0 878.0 121.0 878.0 
1 2 0.73 0.73 193.0 140.0 193.0 576.0 3.0 576.0 
1 2 0.95 0.95 745.0 403.0 745.0 738.0 306.0 738.0 
1 2 0.74 0.74 914.0 87.0 914.0 161.0 104.0 161.0 
1 2 0.92 0.92 806.0 701.0 806.0 17.0 1.0 17.0 
1 2 0.88 0.88 206.0 38.0 206.0 461.0 324.0 461.0 
1 2 0.76 0.76 802.0 418.0 802.0 558.0 136.0 558.0 
1 2 0.87 0.87 71.0 22.0 71.0 101.0 57.0 101.0 
1 3 0.93 0.93 71.0 22.0 71.0 101.0 57.0 101.0 626.0 38.0 626.0 
1 2 0.39 0.39 722.0 182.0 722.0 919.0 135.0 919.0 
1 2 0.86 0.86 33.0 27.0 33.0 448.0 23.0 448.0 
1 3 0.98 0.98 33.0 27.0 33.0 448.0 23.0 448.0 135.0 15.0 135.0 
1 2 0.86 0.86 569.0 360.0 569.0 955.0 222.0 955.0 
1 2 0.75 0.75 685.0 208.0 685.0 253.0 115.0 253.0 
1 2 0.08 0.08 200.0 5.0 200.0 865.0 51.0 865.0 
1 3 0.98 0.98 200.0 5.0 200.0 865.0 51.0 865.0 936.0 839.0 936.0 
1 2 0.87 0.87 214.0 148.0 214.0 802.0 145.0 802.0 
1 2 0.86 0.86 569.0 199.0 569.0 914.0 470.0 914.0 
1 2 0.83 0.83 143.0 84.0 143.0 16.0 4.0 16.0 
1 2 0.78 0.78 325.0 171.0 325.0 239.0 62.0 239.0 
1 2 0.79 0.79 512.0 378.0 512.0 570.0 32.0 570.0 
1 2 0.72 0.72 919.0 473.0 919.0 561.0 117.0 561.0 
1 2 0.95 0.95 911.0 192.0 911.0 622.0 466.0 622.0 
1 2 0.23 0.23 467.0 92.0 467.0 78.0 3.0 78.0 
1 3 0.92 0.92 467.0 92.0 467.0 78.0 3.0 78.0 423.0 292.0 423.0 
1 2 0.78 0.78 250.0 103.0 250.0 261.0 98.0 261.0 
1 2 0.97 0.97 985.0 73.0 985.0 400.0 359.0 400.0 
1 2 0.95 0.95 41.0 6.0 41.0 517.0 416.0 517.0 
1 2 0.55 0.55 418.0 10.0 418.0 946.0 498.0 946.0 
1 2 0.81 0.81 323.0 76.0 323.0 828.0 484.0 828.0 
1 2 0.55 0.55 80.0 31.0 80.0 923.0 154.0 923.0 
1 2 0.98 0.98 203.0 8.0 203.0 337.0 319.0 337.0 
1 2 0.94 0.94 659.0 15.0 659.0 553.0 511.0 553.0 
1 2 0.77 0.77 179.0 135.0 179.0 771.0 17.0 771.0 
1 2 0.92 0.92 704.0 103.0 704.0 254.0 198.0 254.0 
1 2 0.98 0.98 490.0 61.0 490.0 778.0 672.0 778.0 
1 2 0.73 0.73 17.0 1.0 17.0 749.0 508.0 749.0 
1 2 0.66 0.66 236.0 71.0 236.0 953.0 345.0 953.0 
1 2 0.88 0.88 93.0 14.0 93.0 608.0 444.0 608.0 
1 2 0.35 0.35 173.0 28.0 173.0 773.0 151.0 773.0 
1 3 0.95 0.95 173.0 28.0 173.0 773.0 151.0 773.0 553.0 332.0 553.0 
1 2 0.55 0.55 495.0 220.0 495.0 822.0 88.0 822.0 
1 2 0.76 0.76 425.0 47.0 425.0 292.0 190.0 292.0 
1 2 0.81 0.81 430.0 130.0 430.0 470.0 241.0 470.0 
1 2 0.86 0.86 928.0 649.0 928.0 245.0 40.0 245.0 
1 2 0.7 0.7 408.0 70.0 408.0 638.0 342.0 638.0 
1 2 0.9 0.9 496.0 19.0 496.0 163.0 141.0 163.0 
1 2 0.77 0.77 557.0 391.0 557.0 467.0 32.0 467.0 
1 2 0.89 0.89 305.0 173.0 305.0 79.0 26.0 79.0 
1 2 0.93 0.93 216.0 5.0 216.0 751.0 687.0 751.0 
1 2 0.9 0.9 39.0 6.0 39.0 109.0 82.0 109.0 
1 2 0.75 0.75 851.0 27.0 851.0 36.0 26.0 36.0 
1 2 0.91 0.91 827.0 689.0 827.0 813.0 70.0 813.0 
1 2 0.7 0.7 671.0 123.0 671.0 386.0 201.0 386.0 
1 2 0.73 0.73 485.0 197.0 485.0 946.0 312.0 946.0 
1 2 0.77 0.77 146.0 20.0 146.0 210.0 135.0 210.0 
1 2 0.56 0.56 108.0 2.0 108.0 844.0 465.0 844.0 
1 2 0.59 0.59 795.0 238.0 795.0 246.0 73.0 246.0 
1 2 0.97 0.97 550.0 472.0 550.0 766.0 88.0 766.0 
1 2 0.94 0.94 237.0 82.0 237.0 234.0 141.0 234.0 
1 2 0.98 0.98 319.0 173.0 319.0 482.0 215.0 482.0 
1 2 0.62 0.62 709.0 59.0 709.0 427.0 232.0 427.0 
1 2 0.98 0.98 400.0 71.0 400.0 117.0 95.0 117.0 
1 2 0.15 0.15 528.0 50.0 528.0 552.0 34.0 552.0 
1 2 0.99 0.99 103.0 13.0 103.0 622.0 540.0 622.0 
1 2 0.81 0.81 133.0 24.0 133.0 846.0 537.0 846.0 
1 2 0.89 0.89 106.0 28.0 106.0 550.0 345.0 550.0 
1 2 0.94 0.94 975.0 856.0 975.0 16.0 1.0 16.0 
1 2 0.87 0.87 522.0 256.0 522.0 103.0 40.0 103.0 
1 2 0.74 0.74 900.0 42.0 900.0 625.0 435.0 625.0 
1 2 0.48 0.48 181.0 20.0 181.0 925.0 349.0 925.0 
1 3 0.72 0.72 181.0 20.0 181.0 925.0 349.0 925.0 687.0 160.0 687.0 
1 2 0.86 0.86 704.0 447.0 704.0 93.0 21.0 93.0 
1 2 0.68 0.68 616.0 41.0 616.0 527.0 328.0 527.0 
1 3 0.98 0.98 616.0 41.0 616.0 527.0 328.0 527.0 648.0 192.0 648.0 
1 2 0.98 0.98 868.0 568.0 868.0 247.0 82.0 247.0 
1 2 0.78 0.78 663.0 425.0 663.0 666.0 98.0 666.0 
1 2 0.74 0.74 904.0 438.0 904.0 826.0 215.0 826.0 
1 2 0.28 0.28 327.0 58.0 327.0 623.0 69.0 623.0 
1 2 0.86 0.86 669.0 86.0 669.0 792.0 582.0 792.0 
1 2 0.99 0.99 167.0 53.0 167.0 220.0 150.0 220.0 
1 2 0.54 0.54 764.0 158.0 764.0 595.0 202.0 595.0 
1 2 0.93 0.93 748.0 603.0 748.0 121.0 15.0 121.0 
1 2 0.8 0.8 881.0 480.0 881.0 481.0 123.0 481.0 
1 2 0.96 0.96 300.0 227.0 300.0 851.0 175.0 851.0 
1 2 0.92 0.92 398.0 219.0 398.0 416.0 156.0 416.0 
1 2 0.7 0.7 189.0 125.0 189.0 713.0 29.0 713.0 
1 2 0.73 0.73 21.0 1.0 21.0 571.0 393.0 571.0 
1 2 0.76 0.76 80.0 24.0 80.0 777.0 359.0 777.0 
1 2 0.99 0.99 344.0 323.0 344.0 512.0 28.0 512.0 
1 2 0.95 0.95 703.0 646.0 703.0 524.0 18.0 524.0 
1 2 0.91 0.91 662.0 329.0 662.0 979.0 408.0 979.0 
1 2 0.98 0.98 838.0 70.0 838.0 484.0 435.0 484.0 
1 2 0.96 0.96 750.0 208.0 750.0 816.0 558.0 816.0 
1 2 0.96 0.96 893.0 468.0 893.0 721.0 320.0 721.0 
1 2 0.97 0.97 602.0 96.0 602.0 406.0 330.0 406.0 
1 2 0.68 0.68 18.0 3.0 18.0 299.0 156.0 299.0 
1 2 0.99 0.99 699.0 203.0 699.0 430.0 302.0 430.0 
1 2 0.93 0.93 261.0 173.0 261.0 475.0 127.0 475.0 
1 2 0.8 0.8 753.0 173.0 753.0 549.0 315.0 549.0 
1 2 0.69 0.69 903.0 41.0 903.0 920.0 595.0 920.0 
1 3 0.9 0.9 903.0 41.0 903.0 920.0 595.0 920.0 161.0 35.0 161.0 
1 2 0.79 0.79 83.0 45.0 83.0 161.0 41.0 161.0 
1 2 0.92 0.92 408.0 270.0 408.0 344.0 91.0 344.0 
1 2 0.93 0.93 403.0 230.0 403.0 551.0 203.0 551.0 
1 2 0.8 0.8 165.0 14.0 165.0 541.0 391.0 541.0 
1 2 0.88 0.88 581.0 360.0 581.0 669.0 177.0 669.0 
1 2 0.73 0.73 193.0 103.0 193.0 390.0 80.0 390.0 
1 2 0.99 0.99 126.0 41.0 126.0 971.0 649.0 971.0 
1 2 0.67 0.67 52.0 31.0 52.0 675.0 52.0 675.0 
1 2 0.78 0.78 505.0 136.0 505.0 598.0 309.0 598.0 
1 2 0.93 0.93 350.0 227.0 350.0 599.0 174.0 599.0 
1 2 0.91 0.91 609.0 92.0 609.0 619.0 470.0 619.0 
1 2 0.89 0.89 445.0 100.0 445.0 479.0 321.0 479.0 
1 2 0.71 0.71 448.0 255.0 448.0 212.0 31.0 212.0 
1 2 0.94 0.94 218.0 20.0 218.0 480.0 410.0 480.0 
1 2 0.64 0.64 871.0 545.0 871.0 519.0 11.0 519.0 
1 2 0.86 0.86 559.0 198.0 559.0 781.0 401.0 781.0 
1 2 0.75 0.75 792.0 6.0 792.0 492.0 367.0 492.0 
1 2 0.92 0.92 281.0 28.0 281.0 939.0 772.0 939.0 
1 2 0.7 0.7 455.0 46.0 455.0 825.0 498.0 825.0 
1 3 0.89 0.89 455.0 46.0 455.0 825.0 498.0 825.0 277.0 53.0 277.0 
1 2 0.77 0.77 118.0 2.0 118.0 366.0 276.0 366.0 
1 2 0.66 0.66 832.0 106.0 832.0 455.0 243.0 455.0 
1 2 0.82 0.82 117.0 58.0 117.0 888.0 290.0 888.0 
1 2 0.96 0.96 767.0 204.0 767.0 403.0 282.0 403.0 
1 2 0.86 0.86 519.0 48.0 519.0 223.0 172.0 223.0 
1 2 0.91 0.91 583.0 96.0 583.0 907.0 684.0 907.0 
1 2 0.81 0.81 126.0 62.0 126.0 739.0 239.0 739.0 
1 2 0.44 0.44 805.0 350.0 805.0 79.0 1.0 79.0 
1 2 0.67 0.67 484.0 81.0 484.0 219.0 112.0 219.0 
1 2 0.47 0.47 618.0 292.0 618.0 682.0 4.0 682.0 
1 2 0.93 0.93 541.0 504.0 541.0 175.0 1.0 175.0 
1 2 0.72 0.72 172.0 88.0 172.0 102.0 22.0 102.0 
1 2 0.86 0.86 446.0 151.0 446.0 537.0 282.0 537.0 
1 2 0.86 0.86 294.0 93.0 294.0 834.0 456.0 834.0 
1 2 0.6 0.6 881.0 478.0 881.0 165.0 10.0 165.0 
1 2 0.87 0.87 997.0 146.0 997.0 576.0 419.0 576.0 
1 2 0.84 0.84 316.0 61.0 316.0 705.0 459.0 705.0 
1 2 0.85 0.85 795.0 72.0 795.0 524.0 401.0 524.0 
1 2 0.5 0.5 72.0 2.0 72.0 973.0 465.0 973.0 
1 3 0.91 0.91 72.0 2.0 72.0 973.0 465.0 973.0 994.0 411.0 994.0 
1 2 0.98 0.98 366.0 325.0 366.0 619.0 61.0 619.0 
1 2 0.89 0.89 691.0 433.0 691.0 520.0 137.0 520.0 
1 2 0.62 0.62 868.0 65.0 868.0 375.0 205.0 375.0 
1 2 0.76 0.76 908.0 207.0 908.0 614.0 331.0 614.0 
1 2 0.56 0.56 790.0 425.0 790.0 994.0 30.0 994.0 
1 2 0.51 0.51 686.0 163.0 686.0 546.0 154.0 546.0 
1 2 0.54 0.54 233.0 6.0 233.0 431.0 225.0 431.0 
1 2 0.72 0.72 115.0 73.0 115.0 305.0 27.0 305.0 
1 2 0.58 0.58 670.0 363.0 670.0 347.0 14.0 347.0 
1 2 0.68 0.68 459.0 29.0 459.0 899.0 561.0 899.0 
1 2 0.72 0.72 19.0 12.0 19.0 917.0 88.0 917.0 
1 2 0.92 0.92 252.0 178.0 252.0 122.0 27.0 122.0 
1 2 0.33 0.33 540.0 177.0 540.0 881.0 4.0 881.0 
1 3 0.66 0.66 540.0 177.0 540.0 881.0 4.0 881.0 121.0 40.0 121.0 
1 2 0.93 0.93 5.0 3.0 5.0 122.0 41.0 122.0 
1 2 0.87 0.87 599.0 125.0 599.0 9.0 6.0 9.0 
1 2 0.87 0.87 517.0 416.0 517.0 948.0 69.0 948.0 
1 2 0.92 0.92 785.0 92.0 785.0 586.0 472.0 586.0 
1 2 0.97 0.97 35.0 32.0 35.0 633.0 36.0 633.0 
1 2 0.94 0.94 921.0 715.0 921.0 876.0 150.0 876.0 
1 2 0.91 0.91 634.0 124.0 634.0 430.0 311.0 430.0 
1 2 0.82 0.82 570.0 50.0 570.0 550.0 407.0 550.0 
1 2 0.91 0.91 727.0 148.0 727.0 854.0 608.0 854.0 
1 2 0.96 0.96 188.0 58.0 188.0 194.0 128.0 194.0 
1 2 0.82 0.82 663.0 396.0 663.0 71.0 16.0 71.0 
1 2 0.99 0.99 114.0 15.0 114.0 232.0 201.0 232.0 
1 2 0.91 0.91 494.0 416.0 494.0 868.0 63.0 868.0 
1 2 0.61 0.61 531.0 11.0 531.0 595.0 353.0 595.0 
1 2 0.94 0.94 229.0 123.0 229.0 559.0 226.0 559.0 
1 2 0.56 0.56 513.0 2.0 513.0 481.0 270.0 481.0 
1 2 0.79 0.79 164.0 8.0 164.0 199.0 149.0 199.0 
1 2 0.53 0.53 324.0 172.0 324.0 929.0 2.0 929.0 
1 2 0.98 0.98 815.0 534.0 815.0 478.0 157.0 478.0 
1 2 0.85 0.85 527.0 65.0 527.0 787.0 574.0 787.0 
1 2 0.66 0.66 287.0 32.0 287.0 665.0 367.0 665.0 
1 2 0.79 0.79 189.0 65.0 189.0 267.0 121.0 267.0 
1 2 0.85 0.85 818.0 659.0 818.0 40.0 2.0 40.0 
1 2 0.79 0.79 323.0 221.0 323.0 61.0 7.0 61.0 
1 2 0.89 0.89 742.0 617.0 742.0 32.0 2.0 32.0 
1 2 0.76 0.76 566.0 56.0 566.0 749.0 496.0 749.0 
1 2 0.95 0.95 363.0 144.0 363.0 118.0 66.0 118.0 
1 2 0.61 0.61 206.0 4.0 206.0 802.0 478.0 802.0 
1 2 0.99 0.99 512.0 6.0 512.0 57.0 56.0 57.0 
1 2 0.85 0.85 977.0 321.0 977.0 96.0 51.0 96.0 
1 2 0.64 0.64 453.0 17.0 453.0 745.0 453.0 745.0 
1 2 0.85 0.85 519.0 280.0 519.0 883.0 281.0 883.0 
1 2 0.89 0.89 791.0 548.0 791.0 491.0 97.0 491.0 
1 2 0.57 0.57 833.0 40.0 833.0 341.0 180.0 341.0 
1 2 0.92 0.92 27.0 21.0 27.0 418.0 63.0 418.0 
1 2 0.83 0.83 777.0 458.0 777.0 103.0 25.0 103.0 
1 2 0.79 0.79 69.0 17.0 69.0 40.0 22.0 40.0 
1 2 0.68 0.68 51.0 2.0 51.0 34.0 22.0 34.0 
1 2 0.93 0.93 845.0 447.0 845.0 673.0 276.0 673.0 
1 2 0.62 0.62 13.0 8.0 13.0 851.0 9.0 851.0 
1 2 0.65 0.65 1000.0 479.0 1000.0 727.0 129.0 727.0 
1 2 0.71 0.71 106.0 71.0 106.0 502.0 25.0 502.0 
1 2 0.32 0.32 705.0 166.0 705.0 669.0 63.0 669.0 
1 2 0.61 0.61 587.0 46.0 587.0 535.0 289.0 535.0 
1 2 0.84 0.84 126.0 83.0 126.0 769.0 143.0 769.0 
1 2 0.98 0.98 769.0 260.0 769.0 542.0 349.0 542.0 
1 2 0.8 0.8 221.0 56.0 221.0 900.0 495.0 900.0 
1 2 0.81 0.81 418.0 79.0 418.0 805.0 505.0 805.0 
1 2 0.9 0.9 900.0 23.0 900.0 646.0 569.0 646.0 
1 2 0.77 0.77 589.0 78.0 589.0 378.0 244.0 378.0 
1 2 0.66 0.66 352.0 3.0 352.0 723.0 472.0 723.0 
1 3 0.67 0.67 352.0 3.0 352.0 723.0 472.0 723.0 285.0 4.0 285.0 
1 2 0.96 0.96 23.0 7.0 23.0 628.0 418.0 628.0 
1 2 0.41 0.41 413.0 165.0 413.0 76.0 1.0 76.0 
1 2 0.78 0.78 722.0 443.0 722.0 463.0 80.0 463.0 
1 2 0.86 0.86 257.0 135.0 257.0 870.0 294.0 870.0 
1 2 0.84 0.84 319.0 56.0 319.0 569.0 382.0 569.0 
1 2 0.94 0.94 154.0 84.0 154.0 698.0 276.0 698.0 
1 2 0.72 0.72 378.0 241.0 378.0 705.0 61.0 705.0 
1 3 0.96 0.96 378.0 241.0 378.0 705.0 61.0 705.0 87.0 21.0 87.0 
1 2 0.74 0.74 231.0 144.0 231.0 879.0 108.0 879.0 
1 2 0.97 0.97 696.0 135.0 696.0 485.0 378.0 485.0 
1 2 0.64 0.64 382.0 13.0 382.0 407.0 249.0 407.0 
1 2 0.8 0.8 250.0 84.0 250.0 71.0 33.0 71.0 
1 2 0.77 0.77 659.0 412.0 659.0 733.0 108.0 733.0 
1 2 0.96 0.96 301.0 85.0 301.0 615.0 418.0 615.0 
1 2 0.94 0.94 592.0 336.0 592.0 655.0 246.0 655.0 
1 2 0.94 0.94 273.0 241.0 273.0 225.0 13.0 225.0 
1 2 0.93 0.93 952.0 29.0 952.0 180.0 163.0 180.0 
1 2 0.59 0.59 476.0 243.0 476.0 98.0 8.0 98.0 
1 2 0.67 0.67 527.0 63.0 527.0 36.0 20.0 36.0 
1 2 0.85 0.85 560.0 82.0 560.0 113.0 80.0 113.0 
1 2 0.8 0.8 937.0 433.0 937.0 773.0 262.0 773.0 
1 2 0.86 0.86 621.0 111.0 621.0 275.0 188.0 275.0 
1 2 0.96 0.96 72.0 26.0 72.0 173.0 105.0 173.0 
1 2 0.86 0.86 54.0 42.0 54.0 255.0 21.0 255.0 
1 2 0.8 0.8 38.0 10.0 38.0 442.0 241.0 442.0 
1 2 0.99 0.99 973.0 534.0 973.0 205.0 91.0 205.0 
1 2 0.88 0.88 42.0 36.0 42.0 402.0 10.0 402.0 
1 2 0.97 0.97 278.0 10.0 278.0 577.0 542.0 577.0 
1 2 0.92 0.92 468.0 271.0 468.0 696.0 240.0 696.0 
1 2 0.67 0.67 870.0 23.0 870.0 49.0 32.0 49.0 
1 2 0.87 0.87 507.0 73.0 507.0 22.0 16.0 22.0 
1 2 0.8 0.8 320.0 186.0 320.0 903.0 205.0 903.0 
1 2 0.99 0.99 343.0 295.0 343.0 592.0 80.0 592.0 
1 2 0.76 0.76 535.0 350.0 535.0 651.0 71.0 651.0 
1 2 0.75 0.75 773.0 389.0 773.0 713.0 176.0 713.0 
1 2 0.76 0.76 997.0 624.0 997.0 186.0 25.0 186.0 
1 2 0.84 0.84 6.0 5.0 6.0 433.0 3.0 433.0 
1 2 0.69 0.69 637.0 15.0 637.0 823.0 555.0 823.0 
1 2 0.83 0.83 99.0 65.0 99.0 683.0 121.0 683.0 
1 2 0.97 0.97 885.0 583.0 885.0 761.0 237.0 761.0 
1 2 0.56 0.56 22.0 1.0 22.0 131.0 68.0 131.0 
1 2 0.98 0.98 985.0 570.0 985.0 727.0 296.0 727.0 
1 2 0.89 0.89 920.0 518.0 920.0 471.0 156.0 471.0 
1 2 0.97 0.97 646.0 75.0 646.0 253.0 218.0 253.0 
1 2 0.32 0.32 121.0 4.0 121.0 395.0 115.0 395.0 
1 2 0.73 0.73 459.0 329.0 459.0 262.0 5.0 262.0 
1 3 0.98 0.98 459.0 329.0 459.0 262.0 5.0 262.0 391.0 98.0 391.0 
1 2 0.85 0.85 326.0 245.0 326.0 936.0 97.0 936.0 
1 2 0.79 0.79 266.0 3.0 266.0 854.0 668.0 854.0 
1 2 0.99 0.99 526.0 335.0 526.0 899.0 323.0 899.0 
1 2 0.82 0.82 254.0 168.0 254.0 629.0 106.0 629.0 
1 2 0.66 0.66 946.0 7.0 946.0 173.0 113.0 173.0 
1 2 0.98 0.98 894.0 786.0 894.0 654.0 67.0 654.0 
1 2 0.76 0.76 720.0 57.0 720.0 749.0 514.0 749.0 
1 3 0.83 0.83 720.0 57.0 720.0 749.0 514.0 749.0 565.0 42.0 565.0 
1 2 0.68 0.68 165.0 94.0 165.0 670.0 80.0 670.0 
1 2 0.98 0.98 640.0 578.0 640.0 142.0 12.0 142.0 
1 2 0.93 0.93 874.0 300.0 874.0 233.0 139.0 233.0 
1 2 0.9 0.9 281.0 65.0 281.0 306.0 205.0 306.0 
1 2 0.53 0.53 635.0 157.0 635.0 683.0 196.0 683.0 
1 2 0.69 0.69 486.0 53.0 486.0 970.0 569.0 970.0 
1 2 0.99 0.99 870.0 698.0 870.0 832.0 164.0 832.0 
1 2 0.97 0.97 170.0 122.0 170.0 671.0 176.0 671.0 
1 2 0.77 0.77 524.0 130.0 524.0 256.0 136.0 256.0 
1 2 0.95 0.95 235.0 55.0 235.0 46.0 33.0 46.0 
1 2 0.97 0.97 687.0 205.0 687.0 548.0 369.0 548.0 
1 2 0.97 0.97 806.0 40.0 806.0 796.0 739.0 796.0 
1 2 0.97 0.97 418.0 354.0 418.0 160.0 21.0 160.0 
1 2 0.72 0.72 45.0 25.0 45.0 293.0 50.0 293.0 
1 2 0.97 0.97 448.0 421.0 448.0 598.0 24.0 598.0 
1 2 0.86 0.86 843.0 3.0 843.0 976.0 836.0 976.0 
1 2 0.8 0.8 423.0 109.0 423.0 487.0 267.0 487.0 
1 2 0.77 0.77 491.0 345.0 491.0 26.0 2.0 26.0 
1 2 0.86 0.86 664.0 45.0 664.0 821.0 653.0 821.0 
1 2 0.71 0.71 163.0 93.0 163.0 878.0 128.0 878.0 
1 2 0.66 0.66 369.0 222.0 369.0 434.0 26.0 434.0 
1 3 0.69 0.69 369.0 222.0 369.0 434.0 26.0 434.0 694.0 25.0 694.0 
1 2 0.53 0.53 849.0 54.0 849.0 365.0 171.0 365.0 
1 2 0.91 0.91 335.0 289.0 335.0 80.0 4.0 80.0 
1 2 0.87 0.87 593.0 112.0 593.0 487.0 336.0 487.0 
1 2 0.83 0.83 515.0 420.0 515.0 57.0 1.0 57.0 
1 2 0.9 0.9 330.0 175.0 330.0 75.0 28.0 75.0 
1 2 0.55 0.55 387.0 165.0 387.0 85.0 11.0 85.0 
1 2 0.55 0.55 969.0 83.0 969.0 357.0 167.0 357.0 
1 2 0.76 0.76 379.0 92.0 379.0 536.0 282.0 536.0 
1 2 0.88 0.88 96.0 83.0 96.0 99.0 2.0 99.0 
1 2 0.53 0.53 774.0 3.0 774.0 616.0 326.0 616.0 
1 2 0.85 0.85 441.0 265.0 441.0 304.0 78.0 304.0 
1 2 0.77 0.77 106.0 78.0 106.0 777.0 33.0 777.0 
1 3 0.97 0.97 106.0 78.0 106.0 777.0 33.0 777.0 663.0 131.0 663.0 
1 2 0.22 0.22 506.0 3.0 506.0 521.0 113.0 521.0 
1 2 0.84 0.84 690.0 534.0 690.0 177.0 13.0 177.0 
1 2 0.92 0.92 207.0 19.0 207.0 736.0 614.0 736.0 
1 2 0.8 0.8 347.0 269.0 347.0 31.0 1.0 31.0 
1 2 0.98 0.98 788.0 535.0 788.0 874.0 268.0 874.0 
1 2 0.79 0.79 356.0 240.0 356.0 462.0 56.0 462.0 
1 3 0.8 0.8 356.0 240.0 356.0 462.0 56.0 462.0 132.0 1.0 132.0 
1 2 0.99 0.99 784.0 150.0 784.0 761.0 608.0 761.0 
1 2 0.79 0.79 407.0 29.0 407.0 54.0 39.0 54.0 
1 2 0.91 0.91 513.0 106.0 513.0 759.0 539.0 759.0 
1 2 0.65 0.65 574.0 31.0 574.0 999.0 599.0 999.0 
1 2 0.92 0.92 868.0 60.0 868.0 213.0 183.0 213.0 
1 2 0.56 0.56 620.0 121.0 620.0 19.0 7.0 19.0 
1 2 0.96 0.96 251.0 178.0 251.0 507.0 130.0 507.0 
1 2 0.96 0.96 776.0 704.0 776.0 713.0 40.0 713.0 
1 2 0.7 0.7 728.0 467.0 728.0 812.0 48.0 812.0 
1 2 0.99 0.99 359.0 336.0 359.0 16.0 1.0 16.0 
1 2 0.79 0.79 919.0 590.0 919.0 606.0 91.0 606.0 
1 3 0.86 0.86 919.0 590.0 919.0 606.0 91.0 606.0 902.0 70.0 902.0 
1 2 0.78 0.78 728.0 378.0 728.0 408.0 108.0 408.0 
1 2 0.56 0.56 204.0 109.0 204.0 601.0 17.0 601.0 
1 2 0.85 0.85 451.0 87.0 451.0 940.0 619.0 940.0 
1 2 0.65 0.65 605.0 315.0 605.0 116.0 16.0 116.0 
1 2 0.96 0.96 151.0 12.0 151.0 275.0 243.0 275.0 
1 2 0.67 0.67 856.0 569.0 856.0 404.0 4.0 404.0 
1 3 0.87 0.87 856.0 569.0 856.0 404.0 4.0 404.0 332.0 65.0 332.0 
1 2 0.81 0.81 622.0 495.0 622.0 196.0 4.0 196.0 
1 2 0.86 0.86 182.0 122.0 182.0 79.0 15.0 79.0 
1 2 0.63 0.63 877.0 48.0 877.0 256.0 148.0 256.0 
1 2 0.77 0.77 934.0 591.0 934.0 553.0 80.0 553.0 
1 2 0.6 0.6 997.0 325.0 997.0 481.0 135.0 481.0 
1 2 0.89 0.89 95.0 35.0 95.0 61.0 32.0 61.0 
1 2 0.98 0.98 101.0 95.0 101.0 206.0 10.0 206.0 
1 2 0.84 0.84 518.0 355.0 518.0 516.0 82.0 516.0 
1 2 0.9 0.9 528.0 396.0 528.0 65.0 10.0 65.0 
1 2 0.66 0.66 822.0 280.0 822.0 309.0 99.0 309.0 
1 2 0.81 0.81 568.0 285.0 568.0 335.0 105.0 335.0 
1 2 0.99 0.99 117.0 77.0 117.0 204.0 69.0 204.0 
1 2 0.88 0.88 258.0 193.0 258.0 546.0 74.0 546.0 
1 2 0.8 0.8 645.0 64.0 645.0 808.0 574.0 808.0 
1 2 0.65 0.65 425.0 41.0 425.0 952.0 528.0 952.0 
1 2 0.68 0.68 633.0 340.0 633.0 782.0 112.0 782.0 
1 2 0.73 0.73 448.0 51.0 448.0 738.0 462.0 738.0 
1 2 0.68 0.68 304.0 156.0 304.0 123.0 21.0 123.0 
1 2 0.61 0.61 145.0 9.0 145.0 457.0 254.0 457.0 
1 2 0.42 0.42 104.0 7.0 104.0 496.0 179.0 496.0 
1 2 0.98 0.98 761.0 655.0 761.0 724.0 89.0 724.0 
1 2 0.68 0.68 237.0 23.0 237.0 76.0 45.0 76.0 
1 2 0.77 0.77 342.0 41.0 342.0 924.0 606.0 924.0 
1 2 0.66 0.66 548.0 348.0 548.0 740.0 25.0 740.0 
1 3 0.7 0.7 548.0 348.0 548.0 740.0 25.0 740.0 717.0 28.0 717.0 
1 2 0.72 0.72 453.0 321.0 453.0 448.0 6.0 448.0 
1 3 0.91 0.91 453.0 321.0 453.0 448.0 6.0 448.0 602.0 116.0 602.0 
1 2 0.9 0.9 950.0 283.0 950.0 503.0 304.0 503.0 
1 2 0.55 0.55 457.0 164.0 457.0 75.0 15.0 75.0 
1 2 0.79 0.79 212.0 43.0 212.0 797.0 469.0 797.0 
1 2 0.83 0.83 877.0 448.0 877.0 164.0 53.0 164.0 
1 2 0.88 0.88 907.0 48.0 907.0 559.0 464.0 559.0 
1 2 0.91 0.91 138.0 14.0 138.0 528.0 431.0 528.0 
1 2 0.89 0.89 477.0 40.0 477.0 209.0 170.0 209.0 
1 2 0.32 0.32 700.0 134.0 700.0 975.0 129.0 975.0 
1 2 0.8 0.8 541.0 315.0 541.0 890.0 196.0 890.0 
1 2 0.88 0.88 160.0 101.0 160.0 257.0 66.0 257.0 
1 2 0.91 0.91 509.0 56.0 509.0 137.0 110.0 137.0 
1 2 0.84 0.84 468.0 22.0 468.0 729.0 584.0 729.0 
1 2 0.74 0.74 801.0 543.0 801.0 784.0 52.0 784.0 
1 2 0.59 0.59 250.0 112.0 250.0 592.0 86.0 592.0 
1 2 0.93 0.93 544.0 276.0 544.0 488.0 208.0 488.0 
1 2 0.92 0.92 327.0 272.0 327.0 622.0 60.0 622.0 
1 2 0.93 0.93 925.0 178.0 925.0 975.0 722.0 975.0 
1 2 0.81 0.81 263.0 137.0 263.0 798.0 235.0 798.0 
1 2 0.81 0.81 268.0 207.0 268.0 539.0 25.0 539.0 
1 2 0.75 0.75 694.0 504.0 694.0 140.0 4.0 140.0 
1 2 0.85 0.85 709.0 67.0 709.0 671.0 511.0 671.0 
1 2 0.9 0.9 94.0 82.0 94.0 407.0 14.0 407.0 
1 2 0.94 0.94 579.0 155.0 579.0 755.0 514.0 755.0 
1 2 0.82 0.82 377.0 285.0 377.0 977.0 67.0 977.0 
1 2 0.64 0.64 141.0 85.0 141.0 297.0 14.0 297.0 
1 2 0.7 0.7 263.0 85.0 263.0 819.0 313.0 819.0 
1 2 0.9 0.9 226.0 89.0 226.0 557.0 286.0 557.0 
1 2 0.76 0.76 153.0 111.0 153.0 478.0 19.0 478.0 
1 2 0.76 0.76 424.0 58.0 424.0 989.0 624.0 989.0 
1 2 0.76 0.76 66.0 13.0 66.0 126.0 71.0 126.0 
1 2 0.84 0.84 278.0 50.0 278.0 995.0 664.0 995.0 
1 2 0.7 0.7 601.0 16.0 601.0 516.0 349.0 516.0 
1 2 0.74 0.74 785.0 80.0 785.0 260.0 167.0 260.0 
1 2 0.99 0.99 768.0 85.0 768.0 515.0 453.0 515.0 
1 2 0.5 0.5 194.0 82.0 194.0 745.0 62.0 745.0 
1 2 0.77 0.77 729.0 31.0 729.0 409.0 298.0 409.0 
1 2 0.95 0.95 723.0 111.0 723.0 821.0 660.0 821.0 
1 2 0.96 0.96 753.0 720.0 753.0 601.0 7.0 601.0 
1 2 0.74 0.74 521.0 43.0 521.0 162.0 107.0 162.0 
1 2 0.87 0.87 543.0 467.0 543.0 68.0 1.0 68.0 
1 2 0.91 0.91 498.0 29.0 498.0 171.0 147.0 171.0 
1 2 0.98 0.98 664.0 641.0 664.0 673.0 14.0 673.0 
1 2 0.97 0.97 944.0 509.0 944.0 684.0 295.0 684.0 
1 2 0.8 0.8 320.0 208.0 320.0 988.0 151.0 988.0 
1 2 0.99 0.99 348.0 292.0 348.0 317.0 50.0 317.0 
1 2 0.73 0.73 123.0 28.0 123.0 741.0 379.0 741.0 
1 2 0.65 0.65 337.0 175.0 337.0 258.0 34.0 258.0 
1 2 0.96 0.96 823.0 762.0 823.0 162.0 7.0 162.0 
1 2 0.77 0.77 954.0 510.0 954.0 538.0 131.0 538.0 
1 2 0.98 0.98 720.0 650.0 720.0 462.0 40.0 462.0 
1 2 0.96 0.96 908.0 633.0 908.0 776.0 207.0 776.0 
1 2 0.65 0.65 25.0 2.0 25.0 969.0 555.0 969.0 
1 2 0.92 0.92 73.0 58.0 73.0 297.0 39.0 297.0 
1 2 0.63 0.63 799.0 441.0 799.0 458.0 38.0 458.0 
1 2 0.86 0.86 112.0 96.0 112.0 779.0 5.0 779.0 
1 2 0.95 0.95 331.0 310.0 331.0 140.0 3.0 140.0 
1 2 0.98 0.98 788.0 274.0 788.0 755.0 482.0 755.0 
1 2 0.74 0.74 451.0 5.0 451.0 580.0 427.0 580.0 
1 2 0.32 0.32 928.0 208.0 928.0 302.0 30.0 302.0 
1 2 0.78 0.78 669.0 331.0 669.0 822.0 241.0 822.0 
1 2 0.94 0.94 722.0 475.0 722.0 465.0 133.0 465.0 
1 2 0.88 0.88 294.0 200.0 294.0 367.0 74.0 367.0 
1 2 0.93 0.93 203.0 112.0 203.0 183.0 70.0 183.0 
1 2 0.93 0.93 608.0 155.0 608.0 333.0 225.0 333.0 
1 2 0.92 0.92 848.0 414.0 848.0 883.0 386.0 883.0 
1 2 0.89 0.89 251.0 67.0 251.0 285.0 179.0 285.0 
1 2 0.47 0.47 882.0 15.0 882.0 939.0 428.0 939.0 
1 2 0.59 0.59 616.0 343.0 616.0 213.0 9.0 213.0 
1 2 0.93 0.93 203.0 122.0 203.0 154.0 52.0 154.0 
1 2 0.71 0.71 322.0 184.0 322.0 752.0 111.0 752.0 
1 2 0.86 0.86 162.0 118.0 162.0 844.0 115.0 844.0 
1 2 0.74 0.74 434.0 225.0 434.0 13.0 3.0 13.0 
1 2 0.82 0.82 931.0 291.0 931.0 122.0 63.0 122.0 
1 2 0.86 0.86 828.0 172.0 828.0 26.0 17.0 26.0 
1 2 0.95 0.95 278.0 149.0 278.0 613.0 256.0 613.0 
1 2 0.73 0.73 242.0 115.0 242.0 958.0 250.0 958.0 
1 2 0.89 0.89 948.0 537.0 948.0 306.0 100.0 306.0 
1 2 0.33 0.33 620.0 123.0 620.0 50.0 7.0 50.0 
1 2 0.78 0.78 131.0 100.0 131.0 794.0 15.0 794.0 
1 2 0.74 0.74 454.0 87.0 454.0 257.0 141.0 257.0 
1 2 0.67 0.67 762.0 403.0 762.0 314.0 46.0 314.0 
1 2 0.64 0.64 280.0 142.0 280.0 469.0 63.0 469.0 
1 2 0.95 0.95 735.0 573.0 735.0 233.0 42.0 233.0 
1 2 0.8 0.8 703.0 490.0 703.0 443.0 49.0 443.0 
1 2 0.87 0.87 696.0 451.0 696.0 722.0 167.0 722.0 
1 2 0.67 0.67 568.0 43.0 568.0 571.0 343.0 571.0 
1 2 0.92 0.92 857.0 617.0 857.0 126.0 26.0 126.0 
1 2 0.91 0.91 212.0 70.0 212.0 838.0 488.0 838.0 
1 2 0.96 0.96 697.0 21.0 697.0 532.0 496.0 532.0 
1 2 0.63 0.63 847.0 472.0 847.0 500.0 37.0 500.0 
1 2 0.77 0.77 846.0 131.0 846.0 26.0 16.0 26.0 
1 2 0.6 0.6 783.0 434.0 783.0 192.0 10.0 192.0 
1 2 0.9 0.9 254.0 46.0 254.0 738.0 534.0 738.0 
1 2 0.97 0.97 924.0 827.0 924.0 50.0 4.0 50.0 
1 2 0.43 0.43 829.0 241.0 829.0 265.0 39.0 265.0 
1 2 0.75 0.75 675.0 472.0 675.0 832.0 45.0 832.0 
1 2 0.9 0.9 740.0 258.0 740.0 981.0 550.0 981.0 
1 2 0.91 0.91 388.0 332.0 388.0 754.0 43.0 754.0 
1 2 0.86 0.86 453.0 315.0 453.0 205.0 35.0 205.0 
1 2 0.78 0.78 906.0 624.0 906.0 72.0 7.0 72.0 
1 2 0.88 0.88 496.0 258.0 496.0 260.0 96.0 260.0 
1 2 0.8 0.8 206.0 158.0 206.0 329.0 11.0 329.0 
1 2 0.85 0.85 524.0 175.0 524.0 67.0 35.0 67.0 
1 2 0.91 0.91 653.0 474.0 653.0 483.0 92.0 483.0 
1 2 0.96 0.96 642.0 520.0 642.0 26.0 4.0 26.0 
1 2 0.77 0.77 227.0 5.0 227.0 886.0 668.0 886.0 
1 2 0.78 0.78 77.0 19.0 77.0 233.0 126.0 233.0 
1 2 0.9 0.9 883.0 184.0 883.0 797.0 557.0 797.0 
1 2 0.94 0.94 638.0 166.0 638.0 790.0 539.0 790.0 
1 2 0.97 0.97 930.0 424.0 930.0 470.0 245.0 470.0 
1 2 0.94 0.94 937.0 698.0 937.0 812.0 161.0 812.0 
1 2 0.75 0.75 110.0 60.0 110.0 401.0 86.0 401.0 
1 2 0.79 0.79 968.0 181.0 968.0 893.0 539.0 893.0 
1 2 0.52 0.52 855.0 439.0 855.0 512.0 6.0 512.0 
1 2 0.76 0.76 978.0 603.0 978.0 311.0 47.0 311.0 
1 2 0.7 0.7 52.0 32.0 52.0 394.0 34.0 394.0 
1 2 0.57 0.57 370.0 2.0 370.0 384.0 218.0 384.0 
1 2 0.88 0.88 887.0 450.0 887.0 505.0 191.0 505.0 
1 2 0.63 0.63 515.0 11.0 515.0 283.0 175.0 283.0 
1 2 0.88 0.88 470.0 162.0 470.0 428.0 230.0 428.0 
1 2 0.85 0.85 464.0 22.0 464.0 601.0 486.0 601.0 
1 3 0.9 0.9 464.0 22.0 464.0 601.0 486.0 601.0 457.0 24.0 457.0 
1 2 0.95 0.95 347.0 247.0 347.0 413.0 102.0 413.0 
1 2 0.81 0.81 694.0 426.0 694.0 763.0 154.0 763.0 
1 2 0.72 0.72 354.0 17.0 354.0 673.0 456.0 673.0 
1 2 0.65 0.65 87.0 14.0 87.0 117.0 58.0 117.0 
1 2 0.9 0.9 30.0 23.0 30.0 836.0 117.0 836.0 
1 2 0.74 0.74 789.0 468.0 789.0 231.0 35.0 231.0 
1 2 0.67 0.67 651.0 332.0 651.0 765.0 128.0 765.0 
1 2 0.54 0.54 368.0 13.0 368.0 130.0 66.0 130.0 
1 2 0.86 0.86 874.0 518.0 874.0 915.0 251.0 915.0 
1 2 0.92 0.92 561.0 48.0 561.0 923.0 775.0 923.0 
1 2 0.65 0.65 53.0 19.0 53.0 191.0 56.0 191.0 
1 2 0.76 0.76 30.0 17.0 30.0 82.0 16.0 82.0 
1 2 0.89 0.89 247.0 20.0 247.0 735.0 595.0 735.0 
1 2 0.73 0.73 545.0 311.0 545.0 245.0 41.0 245.0 
1 2 0.86 0.86 201.0 144.0 201.0 873.0 133.0 873.0 
1 2 0.79 0.79 293.0 198.0 293.0 309.0 38.0 309.0 
1 2 0.82 0.82 615.0 141.0 615.0 27.0 16.0 27.0 
1 2 0.84 0.84 636.0 395.0 636.0 347.0 77.0 347.0 
1 2 0.91 0.91 431.0 131.0 431.0 75.0 46.0 75.0 
1 2 0.96 0.96 470.0 261.0 470.0 633.0 258.0 633.0 
1 2 0.81 0.81 237.0 123.0 237.0 800.0 233.0 800.0 
1 2 0.77 0.77 229.0 61.0 229.0 643.0 325.0 643.0 
1 2 0.74 0.74 295.0 161.0 295.0 498.0 99.0 498.0 
1 2 0.99 0.99 301.0 161.0 301.0 628.0 288.0 628.0 
1 2 0.55 0.55 138.0 5.0 138.0 600.0 312.0 600.0 
1 2 0.92 0.92 58.0 19.0 58.0 30.0 18.0 30.0 
1 2 0.21 0.21 7.0 1.0 7.0 936.0 72.0 936.0 
1 2 0.34 0.34 94.0 9.0 94.0 193.0 49.0 193.0 
1 2 0.85 0.85 972.0 85.0 972.0 257.0 196.0 257.0 
1 2 0.67 0.67 382.0 196.0 382.0 50.0 8.0 50.0 
1 2 0.86 0.86 848.0 531.0 848.0 646.0 153.0 646.0 
1 2 0.71 0.71 279.0 189.0 279.0 905.0 36.0 905.0 
1 2 0.73 0.73 375.0 191.0 375.0 881.0 201.0 881.0 
1 2 0.91 0.91 922.0 536.0 922.0 493.0 164.0 493.0 
1 2 0.7 0.7 589.0 304.0 589.0 826.0 157.0 826.0 
1 2 0.91 0.91 326.0 45.0 326.0 579.0 452.0 579.0 
1 2 0.78 0.78 944.0 579.0 944.0 63.0 11.0 63.0 
1 2 0.83 0.83 319.0 44.0 319.0 524.0 366.0 524.0 
1 2 0.73 0.73 148.0 12.0 148.0 97.0 63.0 97.0 
1 2 0.96 0.96 923.0 652.0 923.0 35.0 9.0 35.0 
1 2 0.85 0.85 923.0 526.0 923.0 765.0 219.0 765.0 
1 2 0.51 0.51 924.0 1.0 924.0 459.0 235.0 459.0 
1 2 0.97 0.97 320.0 127.0 320.0 256.0 148.0 256.0 
1 2 0.98 0.98 440.0 249.0 440.0 503.0 213.0 503.0 
1 2 0.73 0.73 442.0 30.0 442.0 151.0 100.0 151.0 
1 2 0.75 0.75 142.0 42.0 142.0 564.0 260.0 564.0 
1 2 0.97 0.97 153.0 19.0 153.0 377.0 322.0 377.0 
1 2 0.73 0.73 186.0 43.0 186.0 895.0 454.0 895.0 
1 2 0.88 0.88 644.0 345.0 644.0 60.0 21.0 60.0 
1 2 0.31 0.31 543.0 2.0 543.0 748.0 236.0 748.0 
1 2 0.83 0.83 699.0 240.0 699.0 798.0 392.0 798.0 
1 2 0.67 0.67 745.0 476.0 745.0 834.0 26.0 834.0 
1 2 0.64 0.64 904.0 473.0 904.0 316.0 38.0 316.0 
1 2 0.95 0.95 181.0 42.0 181.0 388.0 281.0 388.0 
1 2 0.74 0.74 104.0 9.0 104.0 929.0 608.0 929.0 
1 2 0.97 0.97 821.0 389.0 821.0 603.0 303.0 603.0 
1 2 0.97 0.97 937.0 186.0 937.0 659.0 513.0 659.0 
1 2 0.72 0.72 449.0 50.0 449.0 39.0 24.0 39.0 
1 2 0.85 0.85 430.0 248.0 430.0 957.0 269.0 957.0 
1 2 0.99 0.99 569.0 319.0 569.0 37.0 16.0 37.0 
1 2 0.75 0.75 624.0 323.0 624.0 546.0 130.0 546.0 
1 2 0.66 0.66 913.0 16.0 913.0 889.0 577.0 889.0 
1 3 0.98 0.98 913.0 16.0 913.0 889.0 577.0 889.0 613.0 195.0 613.0 
1 2 0.73 0.73 109.0 62.0 109.0 750.0 128.0 750.0 
1 2 0.85 0.85 574.0 430.0 574.0 55.0 6.0 55.0 
1 2 0.67 0.67 950.0 419.0 950.0 849.0 195.0 849.0 
1 2 0.98 0.98 494.0 308.0 494.0 499.0 178.0 499.0 
1 2 0.96 0.96 462.0 301.0 462.0 22.0 7.0 22.0 
1 2 0.93 0.93 551.0 387.0 551.0 440.0 102.0 440.0 
1 2 0.8 0.8 975.0 28.0 975.0 648.0 503.0 648.0 
1 3 0.86 0.86 975.0 28.0 975.0 648.0 503.0 648.0 597.0 34.0 597.0 
1 2 0.63 0.63 201.0 14.0 201.0 308.0 175.0 308.0 
1 2 0.19 0.19 712.0 59.0 712.0 485.0 56.0 485.0 
1 2 0.77 0.77 553.0 88.0 553.0 616.0 381.0 616.0 
1 2 0.75 0.75 260.0 172.0 260.0 628.0 56.0 628.0 
1 2 0.93 0.93 382.0 225.0 382.0 673.0 235.0 673.0 
1 2 0.94 0.94 87.0 55.0 87.0 339.0 105.0 339.0 
1 2 0.85 0.85 682.0 444.0 682.0 470.0 98.0 470.0 
1 2 0.83 0.83 36.0 19.0 36.0 675.0 208.0 675.0 
1 2 0.8 0.8 284.0 164.0 284.0 61.0 14.0 61.0 
1 2 0.75 0.75 914.0 690.0 914.0 294.0 1.0 294.0 
1 2 0.94 0.94 454.0 397.0 454.0 919.0 66.0 919.0 
1 2 0.78 0.78 953.0 690.0 953.0 282.0 17.0 282.0 
1 2 0.65 0.65 50.0 30.0 50.0 663.0 34.0 663.0 
1 2 0.86 0.86 867.0 516.0 867.0 365.0 99.0 365.0 
1 2 0.72 0.72 957.0 197.0 957.0 278.0 144.0 278.0 
1 2 0.77 0.77 126.0 27.0 126.0 160.0 89.0 160.0 
1 2 0.93 0.93 349.0 238.0 349.0 155.0 39.0 155.0 
1 2 0.61 0.61 312.0 17.0 312.0 116.0 65.0 116.0 
1 2 0.88 0.88 211.0 95.0 211.0 297.0 130.0 297.0 
1 2 0.81 0.81 219.0 20.0 219.0 940.0 682.0 940.0 
1 3 0.92 0.92 219.0 20.0 219.0 940.0 682.0 940.0 941.0 98.0 941.0 
1 2 0.73 0.73 555.0 122.0 555.0 80.0 41.0 80.0 
1 2 0.99 0.99 126.0 1.0 126.0 692.0 684.0 692.0 
1 2 0.99 0.99 525.0 329.0 525.0 337.0 123.0 337.0 
1 2 0.87 0.87 149.0 126.0 149.0 486.0 12.0 486.0 
1 2 0.97 0.97 544.0 436.0 544.0 171.0 30.0 171.0 
1 2 0.81 0.81 923.0 481.0 923.0 618.0 183.0 618.0 
1 2 0.56 0.56 275.0 148.0 275.0 633.0 18.0 633.0 
1 2 0.51 0.51 113.0 26.0 113.0 555.0 157.0 555.0 
1 2 0.98 0.98 74.0 40.0 74.0 236.0 106.0 236.0 
1 2 0.92 0.92 628.0 40.0 628.0 508.0 438.0 508.0 
1 2 0.75 0.75 499.0 260.0 499.0 30.0 7.0 30.0 
1 2 0.19 0.19 446.0 18.0 446.0 865.0 130.0 865.0 
1 3 0.94 0.94 446.0 18.0 446.0 865.0 130.0 865.0 710.0 538.0 710.0 
1 2 0.73 0.73 628.0 368.0 628.0 110.0 16.0 110.0 
1 2 0.81 0.81 152.0 116.0 152.0 138.0 7.0 138.0 
1 2 0.89 0.89 239.0 27.0 239.0 827.0 647.0 827.0 
1 2 0.6 0.6 92.0 51.0 92.0 835.0 39.0 835.0 
1 2 0.79 0.79 191.0 47.0 191.0 109.0 60.0 109.0 
1 2 0.66 0.66 341.0 34.0 341.0 124.0 70.0 124.0 
1 2 0.87 0.87 506.0 107.0 506.0 742.0 496.0 742.0 
1 2 0.59 0.59 299.0 28.0 299.0 900.0 454.0 900.0 
1 2 0.3 0.3 30.0 3.0 30.0 5.0 1.0 5.0 
1 2 0.88 0.88 672.0 204.0 672.0 684.0 395.0 684.0 
1 2 0.64 0.64 843.0 93.0 843.0 415.0 221.0 415.0 
1 2 0.69 0.69 292.0 29.0 292.0 901.0 540.0 901.0 
1 2 0.92 0.92 893.0 730.0 893.0 493.0 52.0 493.0 
1 2 0.61 0.61 368.0 39.0 368.0 606.0 310.0 606.0 
1 2 0.58 0.58 775.0 37.0 775.0 186.0 100.0 186.0 
1 2 0.98 0.98 859.0 173.0 859.0 123.0 96.0 123.0 
1 2 0.92 0.92 113.0 46.0 113.0 196.0 102.0 196.0 
1 2 0.79 0.79 864.0 635.0 864.0 359.0 23.0 359.0 
1 2 0.64 0.64 518.0 61.0 518.0 136.0 72.0 136.0 
1 2 0.96 0.96 820.0 58.0 820.0 911.0 817.0 911.0 
1 2 0.86 0.86 99.0 80.0 99.0 589.0 32.0 589.0 
1 2 0.97 0.97 948.0 829.0 948.0 20.0 2.0 20.0 
1 2 0.98 0.98 786.0 455.0 786.0 472.0 193.0 472.0 
1 2 0.77 0.77 360.0 221.0 360.0 797.0 125.0 797.0 
1 2 0.78 0.78 458.0 157.0 458.0 16.0 7.0 16.0 
1 2 0.66 0.66 704.0 22.0 704.0 883.0 564.0 883.0 
1 2 0.7 0.7 568.0 112.0 568.0 917.0 469.0 917.0 
1 3 0.92 0.92 568.0 112.0 568.0 917.0 469.0 917.0 579.0 125.0 579.0 
1 2 0.81 0.81 836.0 446.0 836.0 188.0 53.0 188.0 
1 2 0.98 0.98 739.0 663.0 739.0 48.0 4.0 48.0 
1 2 0.97 0.97 959.0 393.0 959.0 99.0 56.0 99.0 
1 2 0.92 0.92 577.0 222.0 577.0 759.0 409.0 759.0 
1 2 0.76 0.76 707.0 505.0 707.0 254.0 13.0 254.0 
1 2 0.98 0.98 461.0 232.0 461.0 333.0 159.0 333.0 
1 2 0.94 0.94 391.0 167.0 391.0 643.0 331.0 643.0 
1 2 0.61 0.61 935.0 32.0 935.0 507.0 292.0 507.0 
1 2 0.99 0.99 617.0 298.0 617.0 449.0 230.0 449.0 
1 2 0.7 0.7 237.0 46.0 237.0 385.0 198.0 385.0 
1 2 0.75 0.75 154.0 28.0 154.0 515.0 296.0 515.0 
1 2 0.86 0.86 635.0 146.0 635.0 868.0 551.0 868.0 
1 2 0.86 0.86 386.0 61.0 386.0 673.0 478.0 673.0 
1 2 0.49 0.49 182.0 36.0 182.0 571.0 167.0 571.0 
1 2 0.7 0.7 397.0 143.0 397.0 379.0 131.0 379.0 
1 2 0.86 0.86 181.0 64.0 181.0 705.0 358.0 705.0 
1 2 0.77 0.77 543.0 25.0 543.0 501.0 364.0 501.0 
1 2 0.77 0.77 150.0 81.0 150.0 906.0 211.0 906.0 
1 2 0.9 0.9 149.0 132.0 149.0 442.0 8.0 442.0 
1 2 0.97 0.97 622.0 579.0 622.0 921.0 37.0 921.0 
1 2 0.69 0.69 779.0 138.0 779.0 894.0 462.0 894.0 
1 2 0.99 0.99 800.0 439.0 800.0 789.0 350.0 789.0 
1 2 0.84 0.84 332.0 30.0 332.0 116.0 88.0 116.0 
1 2 0.96 0.96 876.0 357.0 876.0 621.0 348.0 621.0 
1 2 0.87 0.87 539.0 415.0 539.0 974.0 98.0 974.0 
1 2 0.93 0.93 503.0 19.0 503.0 10.0 9.0 10.0 
1 2 0.58 0.58 744.0 410.0 744.0 302.0 10.0 302.0 
1 2 0.9 0.9 559.0 187.0 559.0 139.0 79.0 139.0 
1 2 0.63 0.63 15.0 7.0 15.0 278.0 48.0 278.0 
1 2 0.98 0.98 397.0 356.0 397.0 911.0 84.0 911.0 
1 2 0.39 0.39 241.0 12.0 241.0 699.0 238.0 699.0 
1 2 0.77 0.77 9.0 2.0 9.0 135.0 75.0 135.0 
1 2 0.72 0.72 565.0 305.0 565.0 169.0 32.0 169.0 
1 2 0.8 0.8 652.0 502.0 652.0 224.0 8.0 224.0 
1 2 0.91 0.91 148.0 46.0 148.0 868.0 522.0 868.0 
1 2 0.69 0.69 683.0 400.0 683.0 553.0 61.0 553.0 
1 2 0.83 0.83 92.0 5.0 92.0 175.0 136.0 175.0 
1 2 0.81 0.81 809.0 16.0 809.0 263.0 208.0 263.0 
1 2 0.88 0.88 851.0 185.0 851.0 659.0 443.0 659.0 
1 2 0.84 0.84 442.0 88.0 442.0 17.0 11.0 17.0 
1 2 0.77 0.77 930.0 243.0 930.0 483.0 250.0 483.0 
1 2 0.73 0.73 691.0 410.0 691.0 244.0 34.0 244.0 
1 2 0.66 0.66 655.0 77.0 655.0 413.0 226.0 413.0 
1 2 0.8 0.8 261.0 67.0 261.0 902.0 493.0 902.0 
1 2 0.78 0.78 123.0 30.0 123.0 264.0 143.0 264.0 
1 2 0.98 0.98 747.0 312.0 747.0 88.0 50.0 88.0 
1 2 0.51 0.51 177.0 27.0 177.0 343.0 124.0 343.0 
1 2 0.71 0.71 817.0 515.0 817.0 285.0 23.0 285.0 
1 2 0.9 0.9 814.0 672.0 814.0 51.0 4.0 51.0 
1 2 0.77 0.77 662.0 100.0 662.0 548.0 340.0 548.0 
1 2 0.89 0.89 245.0 52.0 245.0 407.0 279.0 407.0 
1 2 0.83 0.83 367.0 117.0 367.0 802.0 411.0 802.0 
1 2 0.88 0.88 278.0 30.0 278.0 683.0 528.0 683.0 
1 2 0.87 0.87 767.0 617.0 767.0 942.0 68.0 942.0 
1 2 0.84 0.84 593.0 397.0 593.0 456.0 79.0 456.0 
1 2 0.82 0.82 347.0 3.0 347.0 43.0 35.0 43.0 
1 2 0.63 0.63 966.0 608.0 966.0 216.0 2.0 216.0 
1 2 0.69 0.69 591.0 389.0 591.0 52.0 2.0 52.0 
1 2 0.96 0.96 84.0 16.0 84.0 327.0 253.0 327.0 
1 2 0.93 0.93 40.0 1.0 40.0 286.0 261.0 286.0 
1 2 0.89 0.89 123.0 107.0 123.0 730.0 18.0 730.0 
1 2 0.93 0.93 448.0 83.0 448.0 926.0 690.0 926.0 
1 2 0.66 0.66 362.0 224.0 362.0 216.0 10.0 216.0 
1 2 0.84 0.84 931.0 529.0 931.0 165.0 46.0 165.0 
1 2 0.5 0.5 551.0 178.0 551.0 71.0 13.0 71.0 
1 2 0.65 0.65 162.0 18.0 162.0 122.0 66.0 122.0 
1 2 0.53 0.53 364.0 66.0 364.0 37.0 13.0 37.0 
1 2 0.98 0.98 86.0 3.0 86.0 830.0 786.0 830.0 
1 2 0.78 0.78 825.0 473.0 825.0 426.0 89.0 426.0 
1 2 0.41 0.41 557.0 8.0 557.0 888.0 355.0 888.0 
1 2 0.71 0.71 574.0 2.0 574.0 857.0 609.0 857.0 
1 3 0.74 0.74 574.0 2.0 574.0 857.0 609.0 857.0 920.0 32.0 920.0 
1 2 0.96 0.96 61.0 9.0 61.0 640.0 522.0 640.0 
1 2 0.59 0.59 504.0 38.0 504.0 438.0 229.0 438.0 
1 2 0.83 0.83 453.0 69.0 453.0 701.0 479.0 701.0 
1 2 0.78 0.78 55.0 11.0 55.0 234.0 137.0 234.0 
1 2 0.98 0.98 297.0 213.0 297.0 851.0 224.0 851.0 
1 2 0.93 0.93 741.0 129.0 741.0 150.0 114.0 150.0 
1 2 0.92 0.92 538.0 6.0 538.0 422.0 385.0 422.0 
1 2 0.87 0.87 234.0 18.0 234.0 385.0 309.0 385.0 
1 3 0.98 0.98 234.0 18.0 234.0 385.0 309.0 385.0 340.0 35.0 340.0 
1 2 0.75 0.75 594.0 35.0 594.0 724.0 502.0 724.0 
1 2 0.93 0.93 692.0 439.0 692.0 352.0 106.0 352.0 
1 2 0.95 0.95 414.0 51.0 414.0 675.0 559.0 675.0 
1 2 0.65 0.65 677.0 417.0 677.0 193.0 8.0 193.0 
1 2 0.97 0.97 814.0 788.0 814.0 794.0 3.0 794.0 
1 2 0.69 0.69 807.0 104.0 807.0 245.0 138.0 245.0 
1 2 0.98 0.98 501.0 232.0 501.0 50.0 26.0 50.0 
1 2 0.97 0.97 385.0 151.0 385.0 771.0 449.0 771.0 
1 2 0.6 0.6 244.0 8.0 244.0 756.0 434.0 756.0 
1 2 0.83 0.83 135.0 91.0 135.0 37.0 6.0 37.0 
1 2 0.97 0.97 892.0 579.0 892.0 407.0 131.0 407.0 
1 2 0.96 0.96 721.0 388.0 721.0 569.0 245.0 569.0 
1 2 0.79 0.79 663.0 46.0 663.0 500.0 361.0 500.0 
1 2 0.89 0.89 575.0 322.0 575.0 357.0 118.0 357.0 
1 2 0.82 0.82 737.0 342.0 737.0 214.0 78.0 214.0 
1 2 0.83 0.83 306.0 248.0 306.0 905.0 22.0 905.0 
1 2 0.81 0.81 333.0 64.0 333.0 56.0 35.0 56.0 
1 2 0.43 0.43 621.0 78.0 621.0 483.0 148.0 483.0 
1 2 0.8 0.8 872.0 653.0 872.0 350.0 20.0 350.0 
1 2 0.92 0.92 530.0 434.0 530.0 514.0 54.0 514.0 
1 2 0.68 0.68 400.0 15.0 400.0 467.0 304.0 467.0 
1 2 0.82 0.82 191.0 3.0 191.0 769.0 620.0 769.0 
1 2 0.09 0.09 768.0 16.0 768.0 490.0 36.0 490.0 
1 3 0.62 0.62 768.0 16.0 768.0 490.0 36.0 490.0 903.0 480.0 903.0 
1 2 0.9 0.9 480.0 129.0 480.0 526.0 336.0 526.0 
1 2 0.7 0.7 418.0 265.0 418.0 213.0 15.0 213.0 
1 2 0.97 0.97 526.0 345.0 526.0 730.0 232.0 730.0 
1 2 0.53 0.53 813.0 421.0 813.0 713.0 14.0 713.0 
1 2 0.91 0.91 963.0 144.0 963.0 437.0 335.0 437.0 
1 2 0.95 0.95 128.0 18.0 128.0 554.0 450.0 554.0 
1 2 0.81 0.81 302.0 86.0 302.0 165.0 87.0 165.0 
1 2 0.78 0.78 819.0 25.0 819.0 64.0 48.0 64.0 
1 2 0.93 0.93 966.0 369.0 966.0 767.0 423.0 767.0 
1 2 0.82 0.82 743.0 72.0 743.0 588.0 427.0 588.0 
1 2 0.83 0.83 915.0 668.0 915.0 606.0 61.0 606.0 
1 2 0.71 0.71 843.0 456.0 843.0 331.0 59.0 331.0 
1 2 0.67 0.67 188.0 99.0 188.0 480.0 73.0 480.0 
1 2 0.77 0.77 493.0 51.0 493.0 402.0 269.0 402.0 
1 2 0.77 0.77 264.0 195.0 264.0 781.0 28.0 781.0 
1 2 0.88 0.88 681.0 480.0 681.0 700.0 128.0 700.0 
1 2 0.96 0.96 941.0 546.0 941.0 641.0 246.0 641.0 
1 2 0.64 0.64 203.0 19.0 203.0 548.0 304.0 548.0 
1 2 0.95 0.95 106.0 44.0 106.0 128.0 69.0 128.0 
1 2 0.79 0.79 895.0 261.0 895.0 638.0 318.0 638.0 
1 2 0.98 0.98 330.0 33.0 330.0 493.0 437.0 493.0 
1 2 0.93 0.93 460.0 262.0 460.0 162.0 60.0 162.0 
1 2 0.89 0.89 961.0 218.0 961.0 414.0 277.0 414.0 
1 2 0.95 0.95 297.0 267.0 297.0 846.0 45.0 846.0 
1 2 0.91 0.91 153.0 139.0 153.0 229.0 1.0 229.0 
1 2 0.94 0.94 439.0 62.0 439.0 932.0 753.0 932.0 
1 2 0.86 0.86 222.0 122.0 222.0 788.0 247.0 788.0 
1 2 0.93 0.93 234.0 133.0 234.0 448.0 165.0 448.0 
1 2 0.88 0.88 444.0 3.0 444.0 205.0 181.0 205.0 
1 2 0.79 0.79 460.0 84.0 460.0 26.0 16.0 26.0 
1 2 0.98 0.98 528.0 364.0 528.0 267.0 80.0 267.0 
1 2 0.99 0.99 385.0 51.0 385.0 772.0 666.0 772.0 
1 2 0.53 0.53 758.0 398.0 758.0 745.0 9.0 745.0 
1 2 0.87 0.87 746.0 540.0 746.0 910.0 138.0 910.0 
1 2 0.8 0.8 319.0 194.0 319.0 947.0 185.0 947.0 
1 2 0.98 0.98 943.0 688.0 943.0 182.0 47.0 182.0 
1 2 0.99 0.99 50.0 48.0 50.0 629.0 21.0 629.0 
1 2 0.2 0.2 194.0 31.0 194.0 450.0 22.0 450.0 
1 3 0.95 0.95 194.0 31.0 194.0 450.0 22.0 450.0 359.0 269.0 359.0 
1 2 0.38 0.38 797.0 14.0 797.0 379.0 140.0 379.0 
1 2 0.77 0.77 890.0 220.0 890.0 567.0 299.0 567.0 
1 2 0.97 0.97 799.0 279.0 799.0 785.0 490.0 785.0 
1 2 0.89 0.89 242.0 29.0 242.0 9.0 7.0 9.0 
1 3 0.91 0.91 242.0 29.0 242.0 9.0 7.0 9.0 59.0 1.0 59.0 
1 2 0.86 0.86 890.0 1.0 890.0 376.0 323.0 376.0 
1 2 0.69 0.69 690.0 422.0 690.0 346.0 29.0 346.0 
1 2 0.76 0.76 433.0 15.0 433.0 821.0 599.0 821.0 
1 2 0.79 0.79 528.0 76.0 528.0 899.0 583.0 899.0 
1 2 0.81 0.81 99.0 17.0 99.0 900.0 583.0 900.0 
1 2 0.98 0.98 186.0 97.0 186.0 287.0 134.0 287.0 
1 2 0.69 0.69 108.0 15.0 108.0 883.0 490.0 883.0 
1 2 0.87 0.87 508.0 160.0 508.0 480.0 269.0 480.0 
1 2 0.61 0.61 860.0 37.0 860.0 941.0 540.0 941.0 
1 3 0.9 0.9 860.0 37.0 860.0 941.0 540.0 941.0 406.0 119.0 406.0 
1 2 0.7 0.7 967.0 536.0 967.0 129.0 19.0 129.0 
1 2 0.57 0.57 983.0 527.0 983.0 675.0 27.0 675.0 
1 2 0.86 0.86 910.0 235.0 910.0 586.0 353.0 586.0 
1 2 0.72 0.72 472.0 267.0 472.0 323.0 50.0 323.0 
1 2 0.59 0.59 307.0 163.0 307.0 935.0 64.0 935.0 
1 2 0.89 0.89 306.0 56.0 306.0 702.0 498.0 702.0 
1 2 0.76 0.76 854.0 565.0 854.0 97.0 10.0 97.0 
1 2 0.63 0.63 647.0 1.0 647.0 647.0 412.0 647.0 
1 2 0.66 0.66 934.0 19.0 934.0 885.0 567.0 885.0 
1 2 0.98 0.98 259.0 147.0 259.0 768.0 318.0 768.0 
1 2 0.8 0.8 281.0 164.0 281.0 739.0 167.0 739.0 
1 2 0.85 0.85 567.0 201.0 567.0 184.0 93.0 184.0 
1 2 0.89 0.89 99.0 19.0 99.0 338.0 238.0 338.0 
1 2 0.91 0.91 339.0 227.0 339.0 223.0 55.0 223.0 
1 2 0.66 0.66 16.0 1.0 16.0 686.0 416.0 686.0 
1 2 0.59 0.59 868.0 67.0 868.0 200.0 104.0 200.0 
1 3 0.91 0.91 868.0 67.0 868.0 200.0 104.0 200.0 499.0 159.0 499.0 
1 2 0.82 0.82 846.0 12.0 846.0 644.0 522.0 644.0 
1 2 0.94 0.94 480.0 198.0 480.0 663.0 350.0 663.0 
1 2 0.34 0.34 817.0 62.0 817.0 219.0 59.0 219.0 
1 3 0.92 0.92 817.0 62.0 817.0 219.0 59.0 219.0 840.0 484.0 840.0 
1 2 0.93 0.93 842.0 110.0 842.0 567.0 456.0 567.0 
1 2 0.85 0.85 677.0 450.0 677.0 656.0 123.0 656.0 
1 2 0.91 0.91 226.0 125.0 226.0 423.0 153.0 423.0 
1 2 0.93 0.93 61.0 13.0 61.0 975.0 701.0 975.0 
1 2 0.97 0.97 426.0 6.0 426.0 258.0 247.0 258.0 
1 2 0.56 0.56 496.0 65.0 496.0 549.0 240.0 549.0 
1 2 0.36 0.36 122.0 16.0 122.0 989.0 228.0 989.0 
1 3 0.93 0.93 122.0 16.0 122.0 989.0 228.0 989.0 356.0 203.0 356.0 
1 2 0.81 0.81 508.0 24.0 508.0 636.0 488.0 636.0 
1 2 0.87 0.87 460.0 243.0 460.0 123.0 43.0 123.0 
1 2 0.89 0.89 867.0 456.0 867.0 359.0 132.0 359.0 
1 2 0.97 0.97 525.0 387.0 525.0 612.0 145.0 612.0 
1 2 0.99 0.99 507.0 81.0 507.0 607.0 509.0 607.0 
1 2 0.74 0.74 634.0 363.0 634.0 333.0 59.0 333.0 
1 2 0.64 0.64 979.0 139.0 979.0 378.0 192.0 378.0 
1 2 0.82 0.82 142.0 18.0 142.0 661.0 460.0 661.0 
1 2 0.82 0.82 35.0 28.0 35.0 529.0 11.0 529.0 
1 2 0.72 0.72 645.0 12.0 645.0 644.0 454.0 644.0 
1 2 0.62 0.62 342.0 192.0 342.0 100.0 6.0 100.0 
1 2 0.63 0.63 602.0 49.0 602.0 43.0 24.0 43.0 
1 2 0.89 0.89 405.0 7.0 405.0 546.0 478.0 546.0 
1 2 0.79 0.79 343.0 62.0 343.0 323.0 199.0 323.0 
1 2 0.87 0.87 265.0 39.0 265.0 901.0 653.0 901.0 
1 2 0.89 0.89 879.0 558.0 879.0 667.0 175.0 667.0 
1 2 0.38 0.38 491.0 33.0 491.0 47.0 15.0 47.0 
1 2 0.89 0.89 389.0 229.0 389.0 387.0 117.0 387.0 
1 2 0.98 0.98 363.0 5.0 363.0 811.0 791.0 811.0 
1 2 0.92 0.92 150.0 24.0 150.0 902.0 686.0 902.0 
1 2 0.77 0.77 416.0 47.0 416.0 521.0 347.0 521.0 
1 2 0.59 0.59 918.0 389.0 918.0 950.0 162.0 950.0 
1 2 0.86 0.86 184.0 45.0 184.0 267.0 165.0 267.0 
1 2 0.35 0.35 346.0 39.0 346.0 876.0 215.0 876.0 
1 2 0.93 0.93 375.0 30.0 375.0 906.0 779.0 906.0 
1 2 0.93 0.93 799.0 571.0 799.0 23.0 5.0 23.0 
1 2 0.99 0.99 942.0 839.0 942.0 19.0 2.0 19.0 
1 2 0.84 0.84 927.0 757.0 927.0 666.0 19.0 666.0 
1 2 0.67 0.67 453.0 41.0 453.0 903.0 524.0 903.0 
1 2 0.98 0.98 161.0 150.0 161.0 39.0 2.0 39.0 
1 2 0.95 0.95 953.0 778.0 953.0 339.0 48.0 339.0 
1 2 0.69 0.69 273.0 160.0 273.0 19.0 2.0 19.0 
1 2 0.55 0.55 227.0 117.0 227.0 496.0 18.0 496.0 
1 2 0.99 0.99 852.0 287.0 852.0 948.0 620.0 948.0 
1 2 0.59 0.59 538.0 212.0 538.0 626.0 127.0 626.0 
1 2 0.98 0.98 905.0 494.0 905.0 657.0 288.0 657.0 
1 2 0.99 0.99 986.0 634.0 986.0 784.0 277.0 784.0 
1 2 0.61 0.61 747.0 84.0 747.0 306.0 155.0 306.0 
1 2 0.76 0.76 144.0 27.0 144.0 341.0 198.0 341.0 
1 3 0.93 0.93 144.0 27.0 144.0 341.0 198.0 341.0 261.0 43.0 261.0 
1 2 0.98 0.98 961.0 3.0 961.0 220.0 217.0 220.0 
1 2 0.14 0.14 958.0 16.0 958.0 468.0 61.0 468.0 
1 3 0.76 0.76 958.0 16.0 958.0 468.0 61.0 468.0 174.0 107.0 174.0 
1 2 0.96 0.96 949.0 698.0 949.0 582.0 136.0 582.0 
1 2 0.85 0.85 493.0 253.0 493.0 792.0 272.0 792.0 
1 2 0.76 0.76 847.0 523.0 847.0 550.0 79.0 550.0 
1 2 0.18 0.18 65.0 8.0 65.0 824.0 51.0 824.0 
1 2 0.89 0.89 704.0 70.0 704.0 311.0 247.0 311.0 
1 2 0.92 0.92 885.0 633.0 885.0 691.0 143.0 691.0 
1 2 0.81 0.81 984.0 502.0 984.0 834.0 251.0 834.0 
1 2 0.55 0.55 602.0 300.0 602.0 756.0 42.0 756.0 
1 2 0.83 0.83 332.0 79.0 332.0 160.0 96.0 160.0 
1 2 0.68 0.68 906.0 84.0 906.0 685.0 407.0 685.0 
1 2 0.87 0.87 435.0 291.0 435.0 707.0 149.0 707.0 
1 2 0.91 0.91 187.0 69.0 187.0 356.0 195.0 356.0 
1 2 0.32 0.32 516.0 32.0 516.0 390.0 104.0 390.0 
1 3 0.99 0.99 516.0 32.0 516.0 390.0 104.0 390.0 88.0 59.0 88.0 
1 2 0.86 0.86 71.0 5.0 71.0 826.0 659.0 826.0 
1 2 0.68 0.68 441.0 258.0 441.0 376.0 38.0 376.0 
1 2 0.81 0.81 309.0 86.0 309.0 835.0 445.0 835.0 
1 2 0.64 0.64 132.0 16.0 132.0 150.0 79.0 150.0 
1 2 0.9 0.9 855.0 91.0 855.0 702.0 560.0 702.0 
1 2 0.89 0.89 572.0 105.0 572.0 272.0 193.0 272.0 
1 2 0.88 0.88 354.0 111.0 354.0 564.0 320.0 564.0 
1 2 0.96 0.96 929.0 467.0 929.0 612.0 280.0 612.0 
1 2 0.9 0.9 819.0 544.0 819.0 116.0 28.0 116.0 
1 2 0.82 0.82 819.0 640.0 819.0 795.0 38.0 795.0 
1 2 0.9 0.9 482.0 111.0 482.0 335.0 227.0 335.0 
1 2 0.8 0.8 250.0 13.0 250.0 45.0 34.0 45.0 
1 3 0.92 0.92 250.0 13.0 250.0 45.0 34.0 45.0 314.0 36.0 314.0 
1 2 0.74 0.74 995.0 638.0 995.0 772.0 83.0 772.0 
1 2 0.21 0.21 412.0 47.0 412.0 159.0 16.0 159.0 
1 3 0.99 0.99 412.0 47.0 412.0 159.0 16.0 159.0 415.0 322.0 415.0 
1 2 0.85 0.85 709.0 390.0 709.0 999.0 308.0 999.0 
1 2 0.61 0.61 289.0 1.0 289.0 898.0 550.0 898.0 
1 2 0.74 0.74 268.0 13.0 268.0 193.0 134.0 193.0 
1 2 0.7 0.7 501.0 64.0 501.0 533.0 309.0 533.0 
1 2 0.91 0.91 863.0 778.0 863.0 564.0 7.0 564.0 
1 2 0.93 0.93 63.0 20.0 63.0 685.0 423.0 685.0 
1 2 0.43 0.43 942.0 376.0 942.0 452.0 18.0 452.0 
1 2 0.55 0.55 343.0 2.0 343.0 503.0 277.0 503.0 
1 2 0.91 0.91 559.0 30.0 559.0 205.0 177.0 205.0 
1 2 0.9 0.9 693.0 350.0 693.0 306.0 121.0 306.0 
1 2 0.62 0.62 142.0 14.0 142.0 317.0 167.0 317.0 
1 2 0.93 0.93 630.0 229.0 630.0 791.0 452.0 791.0 
1 2 0.55 0.55 319.0 16.0 319.0 434.0 218.0 434.0 
1 3 0.58 0.58 319.0 16.0 319.0 434.0 218.0 434.0 888.0 30.0 888.0 
1 2 0.95 0.95 933.0 397.0 933.0 131.0 70.0 131.0 
1 2 0.82 0.82 132.0 99.0 132.0 28.0 2.0 28.0 
1 2 0.73 0.73 8.0 1.0 8.0 448.0 275.0 448.0 
1 2 0.7 0.7 805.0 462.0 805.0 520.0 67.0 520.0 
1 3 0.77 0.77 805.0 462.0 805.0 520.0 67.0 520.0 59.0 4.0 59.0 
1 4 0.98 0.98 805.0 462.0 805.0 520.0 67.0 520.0 59.0 4.0 59.0 557.0 119.0 557.0 
1 2 0.78 0.78 530.0 338.0 530.0 28.0 4.0 28.0 
1 2 0.8 0.8 378.0 41.0 378.0 332.0 230.0 332.0 
1 2 0.81 0.81 759.0 68.0 759.0 737.0 537.0 737.0 
1 2 0.7 0.7 779.0 401.0 779.0 448.0 84.0 448.0 
1 2 0.95 0.95 832.0 728.0 832.0 594.0 46.0 594.0 
1 2 0.82 0.82 658.0 533.0 658.0 174.0 3.0 174.0 
1 2 0.98 0.98 445.0 205.0 445.0 468.0 246.0 468.0 
1 2 0.93 0.93 680.0 225.0 680.0 89.0 54.0 89.0 
1 2 0.68 0.68 317.0 33.0 317.0 468.0 271.0 468.0 
1 2 0.99 0.99 777.0 666.0 777.0 333.0 45.0 333.0 
1 2 0.65 0.65 906.0 565.0 906.0 466.0 14.0 466.0 
1 2 0.95 0.95 42.0 3.0 42.0 532.0 472.0 532.0 
1 2 0.97 0.97 647.0 510.0 647.0 563.0 107.0 563.0 
1 2 0.71 0.71 621.0 295.0 621.0 647.0 157.0 647.0 
1 2 0.9 0.9 994.0 823.0 994.0 89.0 7.0 89.0 
1 2 0.87 0.87 40.0 8.0 40.0 642.0 435.0 642.0 
1 2 0.82 0.82 916.0 612.0 916.0 907.0 138.0 907.0 
1 2 0.93 0.93 215.0 70.0 215.0 275.0 167.0 275.0 
1 2 0.61 0.61 287.0 163.0 287.0 141.0 7.0 141.0 
1 2 0.93 0.93 315.0 133.0 315.0 904.0 463.0 904.0 
1 2 0.94 0.94 200.0 51.0 200.0 798.0 554.0 798.0 
1 2 0.63 0.63 91.0 55.0 91.0 570.0 20.0 570.0 
1 2 0.81 0.81 518.0 320.0 518.0 701.0 138.0 701.0 
1 2 0.85 0.85 373.0 309.0 373.0 729.0 21.0 729.0 
1 2 0.66 0.66 766.0 468.0 766.0 68.0 4.0 68.0 
1 2 0.69 0.69 608.0 306.0 608.0 928.0 174.0 928.0 
1 3 0.97 0.97 608.0 306.0 608.0 928.0 174.0 928.0 705.0 197.0 705.0 
1 2 0.5 0.5 778.0 53.0 778.0 857.0 372.0 857.0 
1 2 0.77 0.77 404.0 309.0 404.0 904.0 9.0 904.0 
1 2 0.8 0.8 643.0 51.0 643.0 690.0 500.0 690.0 
1 2 0.81 0.81 942.0 371.0 942.0 443.0 186.0 443.0 
1 2 0.98 0.98 728.0 107.0 728.0 252.0 212.0 252.0 
1 2 0.45 0.45 451.0 5.0 451.0 729.0 326.0 729.0 
1 2 0.9 0.9 173.0 20.0 173.0 95.0 75.0 95.0 
1 2 0.52 0.52 337.0 143.0 337.0 231.0 23.0 231.0 
1 2 0.88 0.88 883.0 689.0 883.0 932.0 93.0 932.0 
1 2 0.99 0.99 962.0 54.0 962.0 663.0 623.0 663.0 
1 2 0.98 0.98 442.0 204.0 442.0 146.0 76.0 146.0 
1 2 0.84 0.84 431.0 304.0 431.0 735.0 101.0 735.0 
1 2 0.98 0.98 348.0 124.0 348.0 30.0 19.0 30.0 
1 2 0.74 0.74 482.0 1.0 482.0 671.0 498.0 671.0 
1 2 0.74 0.74 615.0 7.0 615.0 726.0 531.0 726.0 
1 2 0.85 0.85 559.0 70.0 559.0 774.0 561.0 774.0 
1 2 0.91 0.91 284.0 211.0 284.0 997.0 175.0 997.0 
1 2 0.81 0.81 244.0 130.0 244.0 801.0 225.0 801.0 
1 2 0.81 0.81 199.0 34.0 199.0 867.0 561.0 867.0 
1 2 0.97 0.97 3.0 1.0 3.0 547.0 351.0 547.0 
1 2 0.98 0.98 383.0 281.0 383.0 465.0 118.0 465.0 
1 2 0.92 0.92 550.0 374.0 550.0 818.0 204.0 818.0 
1 2 0.91 0.91 619.0 311.0 619.0 376.0 157.0 376.0 
1 3 0.99 0.99 619.0 311.0 619.0 376.0 157.0 376.0 79.0 6.0 79.0 
1 2 0.89 0.89 874.0 635.0 874.0 175.0 30.0 175.0 
1 2 0.93 0.93 756.0 199.0 756.0 755.0 508.0 755.0 
1 2 0.84 0.84 704.0 149.0 704.0 178.0 112.0 178.0 
1 2 0.93 0.93 159.0 103.0 159.0 124.0 36.0 124.0 
1 2 0.95 0.95 12.0 7.0 12.0 486.0 179.0 486.0 
1 2 0.72 0.72 277.0 147.0 277.0 914.0 179.0 914.0 
1 3 0.81 0.81 277.0 147.0 277.0 914.0 179.0 914.0 566.0 51.0 566.0 
1 2 0.87 0.87 772.0 68.0 772.0 629.0 493.0 629.0 
1 2 0.92 0.92 401.0 3.0 401.0 641.0 589.0 641.0 
1 3 0.93 0.93 401.0 3.0 401.0 641.0 589.0 641.0 811.0 9.0 811.0 
1 2 0.7 0.7 192.0 30.0 192.0 211.0 116.0 211.0 
1 2 0.9 0.9 339.0 176.0 339.0 843.0 326.0 843.0 
1 2 0.96 0.96 330.0 308.0 330.0 67.0 2.0 67.0 
1 2 0.99 0.99 537.0 258.0 537.0 205.0 106.0 205.0 
1 2 0.92 0.92 875.0 134.0 875.0 264.0 203.0 264.0 
1 2 0.95 0.95 895.0 485.0 895.0 56.0 23.0 56.0 
1 2 0.73 0.73 229.0 44.0 229.0 13.0 7.0 13.0 
1 2 0.9 0.9 740.0 122.0 740.0 378.0 281.0 378.0 
1 2 0.9 0.9 403.0 296.0 403.0 868.0 150.0 868.0 
1 2 0.92 0.92 884.0 728.0 884.0 754.0 78.0 754.0 
1 2 0.9 0.9 612.0 194.0 612.0 800.0 468.0 800.0 
1 2 0.94 0.94 963.0 123.0 963.0 533.0 433.0 533.0 
1 2 0.83 0.83 602.0 433.0 602.0 526.0 59.0 526.0 
1 2 0.6 0.6 284.0 160.0 284.0 771.0 35.0 771.0 
1 2 0.98 0.98 664.0 477.0 664.0 139.0 37.0 139.0 
1 2 0.75 0.75 854.0 36.0 854.0 491.0 351.0 491.0 
1 3 0.99 0.99 854.0 36.0 854.0 491.0 351.0 491.0 38.0 9.0 38.0 
1 2 0.71 0.71 362.0 12.0 362.0 288.0 195.0 288.0 
1 2 0.96 0.96 401.0 265.0 401.0 848.0 255.0 848.0 
1 2 0.99 0.99 67.0 64.0 67.0 826.0 29.0 826.0 
1 2 0.74 0.74 617.0 43.0 617.0 510.0 342.0 510.0 
