1 2 0.66 0.66 956.0 584.0 956.0 183.0 10.0 183.0 
1 3 0.72 0.72 956.0 584.0 956.0 183.0 10.0 183.0 105.0 6.0 105.0 
1 4 0.92 0.92 956.0 584.0 956.0 183.0 10.0 183.0 105.0 6.0 105.0 865.0 177.0 865.0 
1 2 0.98 0.98 75.0 58.0 75.0 732.0 158.0 732.0 
1 2 0.56 0.56 191.0 53.0 191.0 101.0 29.0 101.0 
1 3 0.8 0.8 191.0 53.0 191.0 101.0 29.0 101.0 563.0 137.0 563.0 
1 4 0.85 0.85 191.0 53.0 191.0 101.0 29.0 101.0 563.0 137.0 563.0 847.0 43.0 847.0 
1 2 0.2 0.2 398.0 29.0 398.0 15.0 2.0 15.0 
1 3 0.43 0.43 398.0 29.0 398.0 15.0 2.0 15.0 553.0 127.0 553.0 
1 4 0.54 0.54 398.0 29.0 398.0 15.0 2.0 15.0 553.0 127.0 553.0 978.0 103.0 978.0 
1 5 0.56 0.56 398.0 29.0 398.0 15.0 2.0 15.0 553.0 127.0 553.0 978.0 103.0 978.0 139.0 3.0 139.0 
1 6 0.67 0.67 398.0 29.0 398.0 15.0 2.0 15.0 553.0 127.0 553.0 978.0 103.0 978.0 139.0 3.0 139.0 742.0 85.0 742.0 
1 2 0.59 0.59 198.0 93.0 198.0 212.0 26.0 212.0 
1 2 0.41 0.41 264.0 46.0 264.0 385.0 91.0 385.0 
1 3 0.56 0.56 264.0 46.0 264.0 385.0 91.0 385.0 691.0 107.0 691.0 
1 4 0.67 0.67 264.0 46.0 264.0 385.0 91.0 385.0 691.0 107.0 691.0 434.0 49.0 434.0 
1 5 0.93 0.93 264.0 46.0 264.0 385.0 91.0 385.0 691.0 107.0 691.0 434.0 49.0 434.0 168.0 43.0 168.0 
1 6 0.98 0.98 264.0 46.0 264.0 385.0 91.0 385.0 691.0 107.0 691.0 434.0 49.0 434.0 168.0 43.0 168.0 765.0 35.0 765.0 
1 2 0.14 0.14 861.0 6.0 861.0 112.0 15.0 112.0 
1 3 0.53 0.53 861.0 6.0 861.0 112.0 15.0 112.0 921.0 364.0 921.0 
1 4 0.65 0.65 861.0 6.0 861.0 112.0 15.0 112.0 921.0 364.0 921.0 776.0 92.0 776.0 
1 5 0.8 0.8 861.0 6.0 861.0 112.0 15.0 112.0 921.0 364.0 921.0 776.0 92.0 776.0 274.0 41.0 274.0 
1 2 0.77 0.77 680.0 208.0 680.0 751.0 354.0 751.0 
1 2 0.42 0.42 738.0 218.0 738.0 249.0 32.0 249.0 
1 3 0.98 0.98 738.0 218.0 738.0 249.0 32.0 249.0 100.0 56.0 100.0 
1 2 0.63 0.63 708.0 376.0 708.0 291.0 31.0 291.0 
1 3 0.98 0.98 708.0 376.0 708.0 291.0 31.0 291.0 586.0 204.0 586.0 
1 2 0.79 0.79 205.0 146.0 205.0 914.0 75.0 914.0 
1 3 0.89 0.89 205.0 146.0 205.0 914.0 75.0 914.0 991.0 104.0 991.0 
1 4 0.91 0.91 205.0 146.0 205.0 914.0 75.0 914.0 991.0 104.0 991.0 219.0 4.0 219.0 
1 2 0.86 0.86 760.0 645.0 760.0 612.0 13.0 612.0 
1 3 0.89 0.89 760.0 645.0 760.0 612.0 13.0 612.0 708.0 20.0 708.0 
1 4 0.9 0.9 760.0 645.0 760.0 612.0 13.0 612.0 708.0 20.0 708.0 961.0 10.0 961.0 
1 2 0.12 0.12 691.0 28.0 691.0 248.0 22.0 248.0 
1 3 0.38 0.38 691.0 28.0 691.0 248.0 22.0 248.0 333.0 84.0 333.0 
1 4 0.83 0.83 691.0 28.0 691.0 248.0 22.0 248.0 333.0 84.0 333.0 583.0 264.0 583.0 
1 5 0.97 0.97 691.0 28.0 691.0 248.0 22.0 248.0 333.0 84.0 333.0 583.0 264.0 583.0 811.0 118.0 811.0 
1 2 0.53 0.53 55.0 23.0 55.0 777.0 89.0 777.0 
1 3 0.75 0.75 55.0 23.0 55.0 777.0 89.0 777.0 367.0 80.0 367.0 
1 4 0.79 0.79 55.0 23.0 55.0 777.0 89.0 777.0 367.0 80.0 367.0 49.0 2.0 49.0 
1 2 0.48 0.48 759.0 115.0 759.0 426.0 141.0 426.0 
1 2 0.39 0.39 217.0 5.0 217.0 362.0 134.0 362.0 
1 2 0.04 0.04 710.0 13.0 710.0 588.0 18.0 588.0 
1 3 0.54 0.54 710.0 13.0 710.0 588.0 18.0 588.0 314.0 155.0 314.0 
1 4 0.92 0.92 710.0 13.0 710.0 588.0 18.0 588.0 314.0 155.0 314.0 498.0 189.0 498.0 
1 2 0.51 0.51 406.0 111.0 406.0 115.0 28.0 115.0 
1 3 0.55 0.55 406.0 111.0 406.0 115.0 28.0 115.0 730.0 31.0 730.0 
1 4 0.64 0.64 406.0 111.0 406.0 115.0 28.0 115.0 730.0 31.0 730.0 432.0 36.0 432.0 
1 5 0.71 0.71 406.0 111.0 406.0 115.0 28.0 115.0 730.0 31.0 730.0 432.0 36.0 432.0 222.0 16.0 222.0 
1 2 0.57 0.57 163.0 27.0 163.0 541.0 220.0 541.0 
1 3 0.59 0.59 163.0 27.0 163.0 541.0 220.0 541.0 330.0 6.0 330.0 
1 4 0.73 0.73 163.0 27.0 163.0 541.0 220.0 541.0 330.0 6.0 330.0 132.0 19.0 132.0 
1 5 0.86 0.86 163.0 27.0 163.0 541.0 220.0 541.0 330.0 6.0 330.0 132.0 19.0 132.0 419.0 55.0 419.0 
1 2 0.94 0.94 130.0 53.0 130.0 377.0 201.0 377.0 
1 2 0.19 0.19 772.0 29.0 772.0 870.0 133.0 870.0 
1 3 0.21 0.21 772.0 29.0 772.0 870.0 133.0 870.0 482.0 10.0 482.0 
1 4 0.61 0.61 772.0 29.0 772.0 870.0 133.0 870.0 482.0 10.0 482.0 854.0 344.0 854.0 
1 2 0.4 0.4 21.0 4.0 21.0 836.0 181.0 836.0 
1 2 0.12 0.12 453.0 12.0 453.0 427.0 40.0 427.0 
1 3 0.15 0.15 453.0 12.0 453.0 427.0 40.0 427.0 901.0 29.0 901.0 
1 4 0.16 0.16 453.0 12.0 453.0 427.0 40.0 427.0 901.0 29.0 901.0 83.0 1.0 83.0 
1 5 0.33 0.33 453.0 12.0 453.0 427.0 40.0 427.0 901.0 29.0 901.0 83.0 1.0 83.0 40.0 7.0 40.0 
1 6 0.51 0.51 453.0 12.0 453.0 427.0 40.0 427.0 901.0 29.0 901.0 83.0 1.0 83.0 40.0 7.0 40.0 202.0 36.0 202.0 
1 7 0.67 0.67 453.0 12.0 453.0 427.0 40.0 427.0 901.0 29.0 901.0 83.0 1.0 83.0 40.0 7.0 40.0 202.0 36.0 202.0 414.0 66.0 414.0 
1 2 0.66 0.66 940.0 436.0 940.0 838.0 166.0 838.0 
1 2 0.75 0.75 286.0 31.0 286.0 277.0 180.0 277.0 
1 3 0.83 0.83 286.0 31.0 286.0 277.0 180.0 277.0 278.0 20.0 278.0 
1 4 0.89 0.89 286.0 31.0 286.0 277.0 180.0 277.0 278.0 20.0 278.0 732.0 46.0 732.0 
1 2 0.95 0.95 996.0 395.0 996.0 18.0 10.0 18.0 
1 2 0.21 0.21 823.0 40.0 823.0 354.0 60.0 354.0 
1 3 0.49 0.49 823.0 40.0 823.0 354.0 60.0 354.0 509.0 140.0 509.0 
1 4 0.98 0.98 823.0 40.0 823.0 354.0 60.0 354.0 509.0 140.0 509.0 555.0 272.0 555.0 
1 5 0.98 0.98 823.0 40.0 823.0 354.0 60.0 354.0 509.0 140.0 509.0 555.0 272.0 555.0 385.0 1.0 385.0 
1 2 0.53 0.53 85.0 31.0 85.0 517.0 86.0 517.0 
1 3 0.6 0.6 85.0 31.0 85.0 517.0 86.0 517.0 874.0 65.0 874.0 
1 4 0.73 0.73 85.0 31.0 85.0 517.0 86.0 517.0 874.0 65.0 874.0 391.0 51.0 391.0 
1 2 0.28 0.28 291.0 9.0 291.0 255.0 65.0 255.0 
1 3 0.73 0.73 291.0 9.0 291.0 255.0 65.0 255.0 506.0 226.0 506.0 
1 4 0.78 0.78 291.0 9.0 291.0 255.0 65.0 255.0 506.0 226.0 506.0 993.0 54.0 993.0 
1 5 0.95 0.95 291.0 9.0 291.0 255.0 65.0 255.0 506.0 226.0 506.0 993.0 54.0 993.0 561.0 94.0 561.0 
1 2 0.72 0.72 1000.0 632.0 1000.0 480.0 43.0 480.0 
1 3 0.78 0.78 1000.0 632.0 1000.0 480.0 43.0 480.0 855.0 58.0 855.0 
1 2 0.58 0.58 346.0 25.0 346.0 754.0 383.0 754.0 
1 3 0.58 0.58 346.0 25.0 346.0 754.0 383.0 754.0 454.0 3.0 454.0 
1 4 0.62 0.62 346.0 25.0 346.0 754.0 383.0 754.0 454.0 3.0 454.0 603.0 21.0 603.0 
1 5 0.97 0.97 346.0 25.0 346.0 754.0 383.0 754.0 454.0 3.0 454.0 603.0 21.0 603.0 990.0 345.0 990.0 
1 2 0.74 0.74 13.0 9.0 13.0 799.0 40.0 799.0 
1 3 0.81 0.81 13.0 9.0 13.0 799.0 40.0 799.0 402.0 31.0 402.0 
1 4 0.82 0.82 13.0 9.0 13.0 799.0 40.0 799.0 402.0 31.0 402.0 700.0 5.0 700.0 
1 2 0.53 0.53 556.0 254.0 556.0 129.0 10.0 129.0 
1 3 0.58 0.58 556.0 254.0 556.0 129.0 10.0 129.0 818.0 44.0 818.0 
1 4 0.64 0.64 556.0 254.0 556.0 129.0 10.0 129.0 818.0 44.0 818.0 330.0 19.0 330.0 
1 2 0.28 0.28 885.0 226.0 885.0 100.0 3.0 100.0 
1 3 0.61 0.61 885.0 226.0 885.0 100.0 3.0 100.0 768.0 255.0 768.0 
1 4 0.72 0.72 885.0 226.0 885.0 100.0 3.0 100.0 768.0 255.0 768.0 567.0 59.0 567.0 
1 2 0.1 0.1 295.0 12.0 295.0 467.0 30.0 467.0 
1 3 0.12 0.12 295.0 12.0 295.0 467.0 30.0 467.0 953.0 16.0 953.0 
1 4 0.14 0.14 295.0 12.0 295.0 467.0 30.0 467.0 953.0 16.0 953.0 571.0 12.0 571.0 
1 5 0.14 0.14 295.0 12.0 295.0 467.0 30.0 467.0 953.0 16.0 953.0 571.0 12.0 571.0 714.0 4.0 714.0 
1 6 0.32 0.32 295.0 12.0 295.0 467.0 30.0 467.0 953.0 16.0 953.0 571.0 12.0 571.0 714.0 4.0 714.0 908.0 156.0 908.0 
1 7 0.52 0.52 295.0 12.0 295.0 467.0 30.0 467.0 953.0 16.0 953.0 571.0 12.0 571.0 714.0 4.0 714.0 908.0 156.0 908.0 925.0 188.0 925.0 
1 8 0.54 0.54 295.0 12.0 295.0 467.0 30.0 467.0 953.0 16.0 953.0 571.0 12.0 571.0 714.0 4.0 714.0 908.0 156.0 908.0 925.0 188.0 925.0 653.0 11.0 653.0 
1 9 0.91 0.91 295.0 12.0 295.0 467.0 30.0 467.0 953.0 16.0 953.0 571.0 12.0 571.0 714.0 4.0 714.0 908.0 156.0 908.0 925.0 188.0 925.0 653.0 11.0 653.0 456.0 173.0 456.0 
1 2 0.23 0.23 947.0 40.0 947.0 678.0 128.0 678.0 
1 3 0.71 0.71 947.0 40.0 947.0 678.0 128.0 678.0 369.0 177.0 369.0 
1 2 0.77 0.77 20.0 9.0 20.0 710.0 230.0 710.0 
1 2 0.77 0.77 574.0 230.0 574.0 808.0 302.0 808.0 
1 3 0.89 0.89 574.0 230.0 574.0 808.0 302.0 808.0 440.0 53.0 440.0 
1 4 0.9 0.9 574.0 230.0 574.0 808.0 302.0 808.0 440.0 53.0 440.0 584.0 7.0 584.0 
1 2 0.27 0.27 504.0 21.0 504.0 473.0 112.0 473.0 
1 3 0.55 0.55 504.0 21.0 504.0 473.0 112.0 473.0 494.0 135.0 494.0 
1 4 0.72 0.72 504.0 21.0 504.0 473.0 112.0 473.0 494.0 135.0 494.0 81.0 14.0 81.0 
1 5 0.89 0.89 504.0 21.0 504.0 473.0 112.0 473.0 494.0 135.0 494.0 81.0 14.0 81.0 639.0 110.0 639.0 
1 2 0.65 0.65 719.0 395.0 719.0 785.0 80.0 785.0 
1 3 0.69 0.69 719.0 395.0 719.0 785.0 80.0 785.0 598.0 26.0 598.0 
1 2 0.2 0.2 719.0 138.0 719.0 143.0 2.0 143.0 
1 3 0.33 0.33 719.0 138.0 719.0 143.0 2.0 143.0 818.0 105.0 818.0 
1 4 0.33 0.33 719.0 138.0 719.0 143.0 2.0 143.0 818.0 105.0 818.0 839.0 2.0 839.0 
1 5 0.47 0.47 719.0 138.0 719.0 143.0 2.0 143.0 818.0 105.0 818.0 839.0 2.0 839.0 531.0 71.0 531.0 
1 6 0.55 0.55 719.0 138.0 719.0 143.0 2.0 143.0 818.0 105.0 818.0 839.0 2.0 839.0 531.0 71.0 531.0 149.0 13.0 149.0 
1 2 0.29 0.29 685.0 125.0 685.0 512.0 60.0 512.0 
1 3 0.37 0.37 685.0 125.0 685.0 512.0 60.0 512.0 349.0 28.0 349.0 
1 4 0.69 0.69 685.0 125.0 685.0 512.0 60.0 512.0 349.0 28.0 349.0 60.0 19.0 60.0 
1 2 0.48 0.48 508.0 71.0 508.0 89.0 31.0 89.0 
1 3 0.73 0.73 508.0 71.0 508.0 89.0 31.0 89.0 549.0 137.0 549.0 
1 2 0.48 0.48 188.0 26.0 188.0 187.0 64.0 187.0 
1 3 0.59 0.59 188.0 26.0 188.0 187.0 64.0 187.0 993.0 118.0 993.0 
1 4 0.65 0.65 188.0 26.0 188.0 187.0 64.0 187.0 993.0 118.0 993.0 502.0 26.0 502.0 
1 2 0.15 0.15 526.0 3.0 526.0 247.0 37.0 247.0 
1 3 0.36 0.36 526.0 3.0 526.0 247.0 37.0 247.0 937.0 199.0 937.0 
1 4 0.46 0.46 526.0 3.0 526.0 247.0 37.0 247.0 937.0 199.0 937.0 879.0 86.0 879.0 
1 5 0.96 0.96 526.0 3.0 526.0 247.0 37.0 247.0 937.0 199.0 937.0 879.0 86.0 879.0 419.0 208.0 419.0 
1 2 0.07 0.07 865.0 47.0 865.0 235.0 5.0 235.0 
1 3 0.18 0.18 865.0 47.0 865.0 235.0 5.0 235.0 995.0 106.0 995.0 
1 4 0.94 0.94 865.0 47.0 865.0 235.0 5.0 235.0 995.0 106.0 995.0 814.0 619.0 814.0 
1 5 0.98 0.98 865.0 47.0 865.0 235.0 5.0 235.0 995.0 106.0 995.0 814.0 619.0 814.0 764.0 33.0 764.0 
1 2 0.41 0.41 942.0 313.0 942.0 980.0 81.0 980.0 
1 3 0.44 0.44 942.0 313.0 942.0 980.0 81.0 980.0 31.0 1.0 31.0 
1 4 0.59 0.59 942.0 313.0 942.0 980.0 81.0 980.0 31.0 1.0 31.0 446.0 68.0 446.0 
1 2 0.99 0.99 909.0 741.0 909.0 264.0 48.0 264.0 
1 2 0.29 0.29 161.0 1.0 161.0 951.0 279.0 951.0 
1 3 0.41 0.41 161.0 1.0 161.0 951.0 279.0 951.0 775.0 91.0 775.0 
1 4 0.51 0.51 161.0 1.0 161.0 951.0 279.0 951.0 775.0 91.0 775.0 580.0 56.0 580.0 
1 5 0.62 0.62 161.0 1.0 161.0 951.0 279.0 951.0 775.0 91.0 775.0 580.0 56.0 580.0 309.0 35.0 309.0 
1 6 0.9 0.9 161.0 1.0 161.0 951.0 279.0 951.0 775.0 91.0 775.0 580.0 56.0 580.0 309.0 35.0 309.0 690.0 195.0 690.0 
1 2 0.32 0.32 487.0 70.0 487.0 593.0 105.0 593.0 
1 3 0.51 0.51 487.0 70.0 487.0 593.0 105.0 593.0 757.0 146.0 757.0 
1 4 0.58 0.58 487.0 70.0 487.0 593.0 105.0 593.0 757.0 146.0 757.0 578.0 43.0 578.0 
1 5 0.66 0.66 487.0 70.0 487.0 593.0 105.0 593.0 757.0 146.0 757.0 578.0 43.0 578.0 595.0 43.0 595.0 
1 6 0.67 0.67 487.0 70.0 487.0 593.0 105.0 593.0 757.0 146.0 757.0 578.0 43.0 578.0 595.0 43.0 595.0 295.0 5.0 295.0 
1 7 0.89 0.89 487.0 70.0 487.0 593.0 105.0 593.0 757.0 146.0 757.0 578.0 43.0 578.0 595.0 43.0 595.0 295.0 5.0 295.0 771.0 169.0 771.0 
1 2 0.83 0.83 835.0 271.0 835.0 872.0 449.0 872.0 
1 2 0.63 0.63 473.0 263.0 473.0 38.0 3.0 38.0 
1 2 0.78 0.78 860.0 245.0 860.0 399.0 198.0 399.0 
1 3 0.85 0.85 860.0 245.0 860.0 399.0 198.0 399.0 223.0 17.0 223.0 
1 4 0.91 0.91 860.0 245.0 860.0 399.0 198.0 399.0 223.0 17.0 223.0 184.0 11.0 184.0 
1 2 0.38 0.38 298.0 31.0 298.0 572.0 159.0 572.0 
1 3 0.44 0.44 298.0 31.0 298.0 572.0 159.0 572.0 765.0 51.0 765.0 
1 4 0.49 0.49 298.0 31.0 298.0 572.0 159.0 572.0 765.0 51.0 765.0 383.0 17.0 383.0 
1 5 0.85 0.85 298.0 31.0 298.0 572.0 159.0 572.0 765.0 51.0 765.0 383.0 17.0 383.0 680.0 248.0 680.0 
1 6 0.87 0.87 298.0 31.0 298.0 572.0 159.0 572.0 765.0 51.0 765.0 383.0 17.0 383.0 680.0 248.0 680.0 937.0 13.0 937.0 
1 2 0.29 0.29 360.0 30.0 360.0 514.0 108.0 514.0 
1 2 0.57 0.57 790.0 155.0 790.0 545.0 206.0 545.0 
1 2 0.24 0.24 72.0 17.0 72.0 744.0 7.0 744.0 
1 3 0.76 0.76 72.0 17.0 72.0 744.0 7.0 744.0 978.0 505.0 978.0 
1 2 0.97 0.97 176.0 19.0 176.0 221.0 191.0 221.0 
1 2 0.61 0.61 390.0 183.0 390.0 471.0 69.0 471.0 
1 3 0.74 0.74 390.0 183.0 390.0 471.0 69.0 471.0 846.0 110.0 846.0 
1 4 0.84 0.84 390.0 183.0 390.0 471.0 69.0 471.0 846.0 110.0 846.0 136.0 14.0 136.0 
1 2 0.25 0.25 869.0 206.0 869.0 994.0 20.0 994.0 
1 3 0.34 0.34 869.0 206.0 869.0 994.0 20.0 994.0 706.0 63.0 706.0 
1 4 0.58 0.58 869.0 206.0 869.0 994.0 20.0 994.0 706.0 63.0 706.0 551.0 133.0 551.0 
1 5 0.62 0.62 869.0 206.0 869.0 994.0 20.0 994.0 706.0 63.0 706.0 551.0 133.0 551.0 315.0 12.0 315.0 
1 6 0.67 0.67 869.0 206.0 869.0 994.0 20.0 994.0 706.0 63.0 706.0 551.0 133.0 551.0 315.0 12.0 315.0 764.0 39.0 764.0 
1 2 0.31 0.31 254.0 54.0 254.0 291.0 29.0 291.0 
1 3 0.33 0.33 254.0 54.0 254.0 291.0 29.0 291.0 776.0 17.0 776.0 
1 4 0.62 0.62 254.0 54.0 254.0 291.0 29.0 291.0 776.0 17.0 776.0 881.0 258.0 881.0 
1 5 0.64 0.64 254.0 54.0 254.0 291.0 29.0 291.0 776.0 17.0 776.0 881.0 258.0 881.0 577.0 11.0 577.0 
1 6 0.81 0.81 254.0 54.0 254.0 291.0 29.0 291.0 776.0 17.0 776.0 881.0 258.0 881.0 577.0 11.0 577.0 876.0 145.0 876.0 
1 2 0.57 0.57 774.0 423.0 774.0 834.0 27.0 834.0 
1 3 0.79 0.79 774.0 423.0 774.0 834.0 27.0 834.0 181.0 39.0 181.0 
1 2 0.2 0.2 233.0 47.0 233.0 806.0 3.0 806.0 
1 2 0.47 0.47 375.0 157.0 375.0 969.0 57.0 969.0 
1 3 0.71 0.71 375.0 157.0 375.0 969.0 57.0 969.0 261.0 61.0 261.0 
1 4 0.84 0.84 375.0 157.0 375.0 969.0 57.0 969.0 261.0 61.0 261.0 489.0 64.0 489.0 
1 2 0.48 0.48 64.0 11.0 64.0 323.0 102.0 323.0 
1 3 0.52 0.52 64.0 11.0 64.0 323.0 102.0 323.0 870.0 35.0 870.0 
1 2 0.09 0.09 670.0 30.0 670.0 956.0 50.0 956.0 
1 3 0.24 0.24 670.0 30.0 670.0 956.0 50.0 956.0 710.0 107.0 710.0 
1 4 0.36 0.36 670.0 30.0 670.0 956.0 50.0 956.0 710.0 107.0 710.0 469.0 54.0 469.0 
1 5 0.83 0.83 670.0 30.0 670.0 956.0 50.0 956.0 710.0 107.0 710.0 469.0 54.0 469.0 263.0 123.0 263.0 
1 6 0.87 0.87 670.0 30.0 670.0 956.0 50.0 956.0 710.0 107.0 710.0 469.0 54.0 469.0 263.0 123.0 263.0 612.0 27.0 612.0 
1 7 0.94 0.94 670.0 30.0 670.0 956.0 50.0 956.0 710.0 107.0 710.0 469.0 54.0 469.0 263.0 123.0 263.0 612.0 27.0 612.0 695.0 46.0 695.0 
1 8 0.98 0.98 670.0 30.0 670.0 956.0 50.0 956.0 710.0 107.0 710.0 469.0 54.0 469.0 263.0 123.0 263.0 612.0 27.0 612.0 695.0 46.0 695.0 452.0 20.0 452.0 
1 2 0.51 0.51 320.0 45.0 320.0 587.0 218.0 587.0 
1 3 0.63 0.63 320.0 45.0 320.0 587.0 218.0 587.0 55.0 7.0 55.0 
1 4 0.93 0.93 320.0 45.0 320.0 587.0 218.0 587.0 55.0 7.0 55.0 158.0 46.0 158.0 
1 2 0.46 0.46 532.0 71.0 532.0 662.0 217.0 662.0 
1 3 0.55 0.55 532.0 71.0 532.0 662.0 217.0 662.0 53.0 5.0 53.0 
1 4 0.7 0.7 532.0 71.0 532.0 662.0 217.0 662.0 53.0 5.0 53.0 782.0 119.0 782.0 
1 5 0.72 0.72 532.0 71.0 532.0 662.0 217.0 662.0 53.0 5.0 53.0 782.0 119.0 782.0 362.0 8.0 362.0 
1 2 0.83 0.83 736.0 206.0 736.0 121.0 67.0 121.0 
1 2 0.54 0.54 697.0 348.0 697.0 550.0 25.0 550.0 
1 3 0.62 0.62 697.0 348.0 697.0 550.0 25.0 550.0 79.0 6.0 79.0 
1 4 0.69 0.69 697.0 348.0 697.0 550.0 25.0 550.0 79.0 6.0 79.0 438.0 33.0 438.0 
1 2 0.59 0.59 207.0 69.0 207.0 688.0 177.0 688.0 
1 2 0.86 0.86 237.0 155.0 237.0 778.0 168.0 778.0 
1 3 0.93 0.93 237.0 155.0 237.0 778.0 168.0 778.0 812.0 52.0 812.0 
1 2 0.65 0.65 454.0 232.0 454.0 56.0 8.0 56.0 
1 3 0.72 0.72 454.0 232.0 454.0 56.0 8.0 56.0 727.0 54.0 727.0 
1 4 0.79 0.79 454.0 232.0 454.0 56.0 8.0 56.0 727.0 54.0 727.0 500.0 35.0 500.0 
1 5 0.98 0.98 454.0 232.0 454.0 56.0 8.0 56.0 727.0 54.0 727.0 500.0 35.0 500.0 634.0 120.0 634.0 
1 2 0.44 0.44 371.0 45.0 371.0 241.0 79.0 241.0 
1 3 0.57 0.57 371.0 45.0 371.0 241.0 79.0 241.0 321.0 39.0 321.0 
1 2 0.6 0.6 286.0 8.0 286.0 331.0 192.0 331.0 
1 3 0.78 0.78 286.0 8.0 286.0 331.0 192.0 331.0 898.0 159.0 898.0 
1 2 0.86 0.86 368.0 289.0 368.0 611.0 51.0 611.0 
1 2 0.41 0.41 915.0 219.0 915.0 691.0 124.0 691.0 
1 3 0.44 0.44 915.0 219.0 915.0 691.0 124.0 691.0 396.0 10.0 396.0 
1 4 0.63 0.63 915.0 219.0 915.0 691.0 124.0 691.0 396.0 10.0 396.0 808.0 153.0 808.0 
1 2 0.33 0.33 949.0 34.0 949.0 93.0 28.0 93.0 
1 3 0.82 0.82 949.0 34.0 949.0 93.0 28.0 93.0 430.0 209.0 430.0 
1 4 0.92 0.92 949.0 34.0 949.0 93.0 28.0 93.0 430.0 209.0 430.0 748.0 75.0 748.0 
1 2 0.11 0.11 319.0 30.0 319.0 886.0 19.0 886.0 
1 3 0.54 0.54 319.0 30.0 319.0 886.0 19.0 886.0 532.0 227.0 532.0 
1 2 0.29 0.29 242.0 49.0 242.0 85.0 8.0 85.0 
1 3 0.69 0.69 242.0 49.0 242.0 85.0 8.0 85.0 967.0 386.0 967.0 
1 2 0.72 0.72 133.0 38.0 133.0 751.0 327.0 751.0 
1 2 0.09 0.09 557.0 44.0 557.0 897.0 12.0 897.0 
1 3 0.77 0.77 557.0 44.0 557.0 897.0 12.0 897.0 348.0 237.0 348.0 
1 2 0.29 0.29 230.0 3.0 230.0 377.0 105.0 377.0 
1 2 0.55 0.55 901.0 409.0 901.0 869.0 89.0 869.0 
1 3 0.66 0.66 901.0 409.0 901.0 869.0 89.0 869.0 154.0 16.0 154.0 
1 2 0.1 0.1 277.0 6.0 277.0 410.0 34.0 410.0 
1 3 0.2 0.2 277.0 6.0 277.0 410.0 34.0 410.0 796.0 82.0 796.0 
1 4 0.85 0.85 277.0 6.0 277.0 410.0 34.0 410.0 796.0 82.0 796.0 441.0 287.0 441.0 
1 5 0.91 0.91 277.0 6.0 277.0 410.0 34.0 410.0 796.0 82.0 796.0 441.0 287.0 441.0 252.0 15.0 252.0 
1 2 0.23 0.23 774.0 2.0 774.0 531.0 124.0 531.0 
1 3 0.64 0.64 774.0 2.0 774.0 531.0 124.0 531.0 732.0 301.0 732.0 
1 4 0.84 0.84 774.0 2.0 774.0 531.0 124.0 531.0 732.0 301.0 732.0 434.0 84.0 434.0 
1 2 0.17 0.17 836.0 34.0 836.0 90.0 12.0 90.0 
1 3 0.69 0.69 836.0 34.0 836.0 90.0 12.0 90.0 163.0 85.0 163.0 
1 4 0.7 0.7 836.0 34.0 836.0 90.0 12.0 90.0 163.0 85.0 163.0 831.0 12.0 831.0 
1 5 0.92 0.92 836.0 34.0 836.0 90.0 12.0 90.0 163.0 85.0 163.0 831.0 12.0 831.0 740.0 159.0 740.0 
1 2 0.28 0.28 791.0 219.0 791.0 518.0 3.0 518.0 
1 3 0.34 0.34 791.0 219.0 791.0 518.0 3.0 518.0 199.0 13.0 199.0 
1 4 0.65 0.65 791.0 219.0 791.0 518.0 3.0 518.0 199.0 13.0 199.0 517.0 160.0 517.0 
1 2 0.97 0.97 12.0 9.0 12.0 62.0 14.0 62.0 
1 2 0.12 0.12 857.0 18.0 857.0 166.0 18.0 166.0 
1 3 0.25 0.25 857.0 18.0 857.0 166.0 18.0 166.0 688.0 87.0 688.0 
1 4 0.53 0.53 857.0 18.0 857.0 166.0 18.0 166.0 688.0 87.0 688.0 422.0 119.0 422.0 
1 2 0.35 0.35 245.0 12.0 245.0 858.0 266.0 858.0 
1 3 0.6 0.6 245.0 12.0 245.0 858.0 266.0 858.0 877.0 216.0 877.0 
1 4 0.92 0.92 245.0 12.0 245.0 858.0 266.0 858.0 877.0 216.0 877.0 246.0 79.0 246.0 
1 2 0.89 0.89 358.0 163.0 358.0 626.0 278.0 626.0 
1 2 0.28 0.28 279.0 58.0 279.0 134.0 11.0 134.0 
1 3 0.8 0.8 279.0 58.0 279.0 134.0 11.0 134.0 158.0 82.0 158.0 
1 4 0.82 0.82 279.0 58.0 279.0 134.0 11.0 134.0 158.0 82.0 158.0 154.0 2.0 154.0 
1 5 0.85 0.85 279.0 58.0 279.0 134.0 11.0 134.0 158.0 82.0 158.0 154.0 2.0 154.0 855.0 28.0 855.0 
1 6 0.91 0.91 279.0 58.0 279.0 134.0 11.0 134.0 158.0 82.0 158.0 154.0 2.0 154.0 855.0 28.0 855.0 555.0 36.0 555.0 
1 7 0.97 0.97 279.0 58.0 279.0 134.0 11.0 134.0 158.0 82.0 158.0 154.0 2.0 154.0 855.0 28.0 855.0 555.0 36.0 555.0 670.0 40.0 670.0 
1 2 0.57 0.57 803.0 346.0 803.0 464.0 68.0 464.0 
1 3 0.59 0.59 803.0 346.0 803.0 464.0 68.0 464.0 773.0 10.0 773.0 
1 4 0.62 0.62 803.0 346.0 803.0 464.0 68.0 464.0 773.0 10.0 773.0 611.0 22.0 611.0 
1 5 0.79 0.79 803.0 346.0 803.0 464.0 68.0 464.0 773.0 10.0 773.0 611.0 22.0 611.0 726.0 125.0 726.0 
1 2 0.3 0.3 411.0 41.0 411.0 342.0 71.0 342.0 
1 3 0.38 0.38 411.0 41.0 411.0 342.0 71.0 342.0 543.0 42.0 543.0 
1 4 0.61 0.61 411.0 41.0 411.0 342.0 71.0 342.0 543.0 42.0 543.0 695.0 163.0 695.0 
1 5 0.96 0.96 411.0 41.0 411.0 342.0 71.0 342.0 543.0 42.0 543.0 695.0 163.0 695.0 481.0 168.0 481.0 
1 2 0.27 0.27 258.0 65.0 258.0 149.0 3.0 149.0 
1 3 0.64 0.64 258.0 65.0 258.0 149.0 3.0 149.0 883.0 325.0 883.0 
1 4 0.78 0.78 258.0 65.0 258.0 149.0 3.0 149.0 883.0 325.0 883.0 773.0 113.0 773.0 
1 5 0.99 0.99 258.0 65.0 258.0 149.0 3.0 149.0 883.0 325.0 883.0 773.0 113.0 773.0 561.0 118.0 561.0 
1 2 0.26 0.26 360.0 88.0 360.0 399.0 9.0 399.0 
1 3 0.7 0.7 360.0 88.0 360.0 399.0 9.0 399.0 359.0 158.0 359.0 
1 2 0.47 0.47 76.0 19.0 76.0 880.0 198.0 880.0 
1 3 0.49 0.49 76.0 19.0 76.0 880.0 198.0 880.0 665.0 14.0 665.0 
1 4 0.61 0.61 76.0 19.0 76.0 880.0 198.0 880.0 665.0 14.0 665.0 522.0 63.0 522.0 
1 2 0.42 0.42 416.0 24.0 416.0 333.0 123.0 333.0 
1 2 0.34 0.34 298.0 27.0 298.0 636.0 161.0 636.0 
1 3 0.56 0.56 298.0 27.0 298.0 636.0 161.0 636.0 69.0 15.0 69.0 
1 4 0.66 0.66 298.0 27.0 298.0 636.0 161.0 636.0 69.0 15.0 69.0 875.0 88.0 875.0 
1 5 0.79 0.79 298.0 27.0 298.0 636.0 161.0 636.0 69.0 15.0 69.0 875.0 88.0 875.0 163.0 22.0 163.0 
1 6 0.91 0.91 298.0 27.0 298.0 636.0 161.0 636.0 69.0 15.0 69.0 875.0 88.0 875.0 163.0 22.0 163.0 906.0 106.0 906.0 
1 2 0.43 0.43 675.0 59.0 675.0 742.0 257.0 742.0 
1 3 0.5 0.5 675.0 59.0 675.0 742.0 257.0 742.0 102.0 7.0 102.0 
1 4 0.95 0.95 675.0 59.0 675.0 742.0 257.0 742.0 102.0 7.0 102.0 505.0 230.0 505.0 
1 2 0.27 0.27 535.0 138.0 535.0 418.0 7.0 418.0 
1 3 0.59 0.59 535.0 138.0 535.0 418.0 7.0 418.0 113.0 36.0 113.0 
1 2 0.01 0.01 834.0 6.0 834.0 513.0 6.0 513.0 
1 3 0.22 0.22 834.0 6.0 834.0 513.0 6.0 513.0 739.0 149.0 739.0 
1 4 0.3 0.3 834.0 6.0 834.0 513.0 6.0 513.0 739.0 149.0 739.0 124.0 11.0 124.0 
1 5 0.81 0.81 834.0 6.0 834.0 513.0 6.0 513.0 739.0 149.0 739.0 124.0 11.0 124.0 743.0 377.0 743.0 
1 6 0.85 0.85 834.0 6.0 834.0 513.0 6.0 513.0 739.0 149.0 739.0 124.0 11.0 124.0 743.0 377.0 743.0 365.0 14.0 365.0 
1 7 0.92 0.92 834.0 6.0 834.0 513.0 6.0 513.0 739.0 149.0 739.0 124.0 11.0 124.0 743.0 377.0 743.0 365.0 14.0 365.0 424.0 29.0 424.0 
1 2 0.18 0.18 867.0 126.0 867.0 177.0 7.0 177.0 
1 3 0.69 0.69 867.0 126.0 867.0 177.0 7.0 177.0 654.0 336.0 654.0 
1 4 0.82 0.82 867.0 126.0 867.0 177.0 7.0 177.0 654.0 336.0 654.0 779.0 99.0 779.0 
1 5 0.87 0.87 867.0 126.0 867.0 177.0 7.0 177.0 654.0 336.0 654.0 779.0 99.0 779.0 37.0 2.0 37.0 
1 6 0.88 0.88 867.0 126.0 867.0 177.0 7.0 177.0 654.0 336.0 654.0 779.0 99.0 779.0 37.0 2.0 37.0 582.0 1.0 582.0 
1 2 0.22 0.22 669.0 13.0 669.0 392.0 80.0 392.0 
1 3 0.25 0.25 669.0 13.0 669.0 392.0 80.0 392.0 810.0 28.0 810.0 
1 4 0.74 0.74 669.0 13.0 669.0 392.0 80.0 392.0 810.0 28.0 810.0 633.0 310.0 633.0 
1 5 0.82 0.82 669.0 13.0 669.0 392.0 80.0 392.0 810.0 28.0 810.0 633.0 310.0 633.0 550.0 40.0 550.0 
1 2 0.83 0.83 693.0 214.0 693.0 459.0 242.0 459.0 
1 2 0.71 0.71 686.0 257.0 686.0 887.0 298.0 887.0 
1 3 0.74 0.74 686.0 257.0 686.0 887.0 298.0 887.0 229.0 9.0 229.0 
1 2 0.45 0.45 309.0 121.0 309.0 687.0 43.0 687.0 
1 3 0.87 0.87 309.0 121.0 309.0 687.0 43.0 687.0 860.0 359.0 860.0 
1 2 0.26 0.26 721.0 170.0 721.0 928.0 25.0 928.0 
1 3 0.26 0.26 721.0 170.0 721.0 928.0 25.0 928.0 536.0 1.0 536.0 
1 4 0.46 0.46 721.0 170.0 721.0 928.0 25.0 928.0 536.0 1.0 536.0 131.0 26.0 131.0 
1 5 0.68 0.68 721.0 170.0 721.0 928.0 25.0 928.0 536.0 1.0 536.0 131.0 26.0 131.0 539.0 122.0 539.0 
1 6 0.75 0.75 721.0 170.0 721.0 928.0 25.0 928.0 536.0 1.0 536.0 131.0 26.0 131.0 539.0 122.0 539.0 255.0 17.0 255.0 
1 2 0.24 0.24 570.0 10.0 570.0 653.0 148.0 653.0 
1 3 0.66 0.66 570.0 10.0 570.0 653.0 148.0 653.0 603.0 251.0 603.0 
1 2 0.31 0.31 986.0 126.0 986.0 950.0 177.0 950.0 
1 3 0.59 0.59 986.0 126.0 986.0 950.0 177.0 950.0 308.0 88.0 308.0 
1 4 0.89 0.89 986.0 126.0 986.0 950.0 177.0 950.0 308.0 88.0 308.0 966.0 281.0 966.0 
1 5 0.98 0.98 986.0 126.0 986.0 950.0 177.0 950.0 308.0 88.0 308.0 966.0 281.0 966.0 462.0 45.0 462.0 
1 2 0.66 0.66 616.0 215.0 616.0 737.0 235.0 737.0 
1 3 0.93 0.93 616.0 215.0 616.0 737.0 235.0 737.0 99.0 26.0 99.0 
1 2 0.63 0.63 190.0 30.0 190.0 302.0 145.0 302.0 
1 2 0.37 0.37 285.0 104.0 285.0 975.0 14.0 975.0 
1 2 0.97 0.97 835.0 14.0 835.0 167.0 160.0 167.0 
1 2 0.38 0.38 809.0 130.0 809.0 265.0 60.0 265.0 
1 3 0.41 0.41 809.0 130.0 809.0 265.0 60.0 265.0 514.0 12.0 514.0 
1 4 0.52 0.52 809.0 130.0 809.0 265.0 60.0 265.0 514.0 12.0 514.0 263.0 29.0 263.0 
1 5 0.59 0.59 809.0 130.0 809.0 265.0 60.0 265.0 514.0 12.0 514.0 263.0 29.0 263.0 567.0 41.0 567.0 
1 6 0.86 0.86 809.0 130.0 809.0 265.0 60.0 265.0 514.0 12.0 514.0 263.0 29.0 263.0 567.0 41.0 567.0 391.0 105.0 391.0 
1 7 0.99 0.99 809.0 130.0 809.0 265.0 60.0 265.0 514.0 12.0 514.0 263.0 29.0 263.0 567.0 41.0 567.0 391.0 105.0 391.0 88.0 12.0 88.0 
1 2 0.55 0.55 239.0 84.0 239.0 397.0 80.0 397.0 
1 3 0.86 0.86 239.0 84.0 239.0 397.0 80.0 397.0 868.0 269.0 868.0 
1 2 0.13 0.13 11.0 1.0 11.0 205.0 10.0 205.0 
1 3 0.63 0.63 11.0 1.0 11.0 205.0 10.0 205.0 749.0 372.0 749.0 
1 2 0.14 0.14 978.0 78.0 978.0 874.0 56.0 874.0 
1 3 0.21 0.21 978.0 78.0 978.0 874.0 56.0 874.0 500.0 38.0 500.0 
1 4 0.35 0.35 978.0 78.0 978.0 874.0 56.0 874.0 500.0 38.0 500.0 147.0 20.0 147.0 
1 5 0.57 0.57 978.0 78.0 978.0 874.0 56.0 874.0 500.0 38.0 500.0 147.0 20.0 147.0 691.0 150.0 691.0 
1 6 0.66 0.66 978.0 78.0 978.0 874.0 56.0 874.0 500.0 38.0 500.0 147.0 20.0 147.0 691.0 150.0 691.0 330.0 30.0 330.0 
1 7 0.91 0.91 978.0 78.0 978.0 874.0 56.0 874.0 500.0 38.0 500.0 147.0 20.0 147.0 691.0 150.0 691.0 330.0 30.0 330.0 739.0 182.0 739.0 
1 8 0.95 0.95 978.0 78.0 978.0 874.0 56.0 874.0 500.0 38.0 500.0 147.0 20.0 147.0 691.0 150.0 691.0 330.0 30.0 330.0 739.0 182.0 739.0 89.0 4.0 89.0 
1 2 0.27 0.27 594.0 103.0 594.0 889.0 90.0 889.0 
1 3 0.46 0.46 594.0 103.0 594.0 889.0 90.0 889.0 102.0 19.0 102.0 
1 4 0.49 0.49 594.0 103.0 594.0 889.0 90.0 889.0 102.0 19.0 102.0 96.0 3.0 96.0 
1 5 0.72 0.72 594.0 103.0 594.0 889.0 90.0 889.0 102.0 19.0 102.0 96.0 3.0 96.0 948.0 222.0 948.0 
1 2 0.79 0.79 763.0 594.0 763.0 794.0 11.0 794.0 
1 2 0.25 0.25 507.0 120.0 507.0 492.0 8.0 492.0 
1 3 0.25 0.25 507.0 120.0 507.0 492.0 8.0 492.0 680.0 2.0 680.0 
1 4 0.38 0.38 507.0 120.0 507.0 492.0 8.0 492.0 680.0 2.0 680.0 62.0 8.0 62.0 
1 2 0.31 0.31 391.0 40.0 391.0 631.0 135.0 631.0 
1 2 0.96 0.96 531.0 249.0 531.0 387.0 192.0 387.0 
1 2 0.22 0.22 222.0 19.0 222.0 89.0 12.0 89.0 
1 3 0.26 0.26 222.0 19.0 222.0 89.0 12.0 89.0 261.0 11.0 261.0 
1 4 0.91 0.91 222.0 19.0 222.0 89.0 12.0 89.0 261.0 11.0 261.0 764.0 497.0 764.0 
1 5 0.96 0.96 222.0 19.0 222.0 89.0 12.0 89.0 261.0 11.0 261.0 764.0 497.0 764.0 391.0 19.0 391.0 
1 2 0.9 0.9 631.0 234.0 631.0 590.0 317.0 590.0 
1 2 0.04 0.04 728.0 4.0 728.0 353.0 13.0 353.0 
1 3 0.38 0.38 728.0 4.0 728.0 353.0 13.0 353.0 885.0 299.0 885.0 
1 4 0.43 0.43 728.0 4.0 728.0 353.0 13.0 353.0 885.0 299.0 885.0 667.0 36.0 667.0 
1 5 0.55 0.55 728.0 4.0 728.0 353.0 13.0 353.0 885.0 299.0 885.0 667.0 36.0 667.0 781.0 96.0 781.0 
1 2 0.81 0.81 830.0 377.0 830.0 794.0 283.0 794.0 
1 2 0.32 0.32 466.0 142.0 466.0 173.0 4.0 173.0 
1 2 0.9 0.9 594.0 264.0 594.0 873.0 405.0 873.0 
1 3 0.91 0.91 594.0 264.0 594.0 873.0 405.0 873.0 695.0 5.0 695.0 
1 2 0.53 0.53 446.0 52.0 446.0 254.0 107.0 254.0 
1 2 0.22 0.22 538.0 57.0 538.0 35.0 4.0 35.0 
1 3 0.63 0.63 538.0 57.0 538.0 35.0 4.0 35.0 487.0 202.0 487.0 
1 4 0.88 0.88 538.0 57.0 538.0 35.0 4.0 35.0 487.0 202.0 487.0 252.0 63.0 252.0 
1 2 0.45 0.45 845.0 189.0 845.0 271.0 62.0 271.0 
1 3 0.83 0.83 845.0 189.0 845.0 271.0 62.0 271.0 666.0 255.0 666.0 
1 2 0.19 0.19 332.0 38.0 332.0 899.0 75.0 899.0 
1 3 0.4 0.4 332.0 38.0 332.0 899.0 75.0 899.0 252.0 52.0 252.0 
1 4 0.69 0.69 332.0 38.0 332.0 899.0 75.0 899.0 252.0 52.0 252.0 832.0 245.0 832.0 
1 5 0.93 0.93 332.0 38.0 332.0 899.0 75.0 899.0 252.0 52.0 252.0 832.0 245.0 832.0 794.0 190.0 794.0 
1 2 0.59 0.59 61.0 24.0 61.0 920.0 189.0 920.0 
1 2 0.08 0.08 785.0 25.0 785.0 436.0 24.0 436.0 
1 2 0.07 0.07 194.0 13.0 194.0 762.0 8.0 762.0 
1 3 0.9 0.9 194.0 13.0 194.0 762.0 8.0 762.0 661.0 549.0 661.0 
1 4 0.95 0.95 194.0 13.0 194.0 762.0 8.0 762.0 661.0 549.0 661.0 393.0 18.0 393.0 
1 2 0.61 0.61 615.0 104.0 615.0 845.0 380.0 845.0 
1 3 0.83 0.83 615.0 104.0 615.0 845.0 380.0 845.0 389.0 86.0 389.0 
1 4 0.95 0.95 615.0 104.0 615.0 845.0 380.0 845.0 389.0 86.0 389.0 108.0 12.0 108.0 
1 5 0.95 0.95 615.0 104.0 615.0 845.0 380.0 845.0 389.0 86.0 389.0 108.0 12.0 108.0 477.0 1.0 477.0 
1 2 0.92 0.92 642.0 237.0 642.0 814.0 455.0 814.0 
1 2 0.52 0.52 431.0 39.0 431.0 797.0 350.0 797.0 
1 3 0.95 0.95 431.0 39.0 431.0 797.0 350.0 797.0 880.0 377.0 880.0 
1 2 0.21 0.21 685.0 73.0 685.0 152.0 16.0 152.0 
1 3 0.4 0.4 685.0 73.0 685.0 152.0 16.0 152.0 741.0 145.0 741.0 
1 4 0.62 0.62 685.0 73.0 685.0 152.0 16.0 152.0 741.0 145.0 741.0 315.0 68.0 315.0 
1 5 0.79 0.79 685.0 73.0 685.0 152.0 16.0 152.0 741.0 145.0 741.0 315.0 68.0 315.0 784.0 137.0 784.0 
1 6 0.98 0.98 685.0 73.0 685.0 152.0 16.0 152.0 741.0 145.0 741.0 315.0 68.0 315.0 784.0 137.0 784.0 849.0 155.0 849.0 
1 2 0.85 0.85 396.0 39.0 396.0 879.0 668.0 879.0 
1 3 0.94 0.94 396.0 39.0 396.0 879.0 668.0 879.0 596.0 51.0 596.0 
1 2 0.42 0.42 600.0 190.0 600.0 873.0 96.0 873.0 
1 3 0.45 0.45 600.0 190.0 600.0 873.0 96.0 873.0 866.0 27.0 866.0 
1 4 0.56 0.56 600.0 190.0 600.0 873.0 96.0 873.0 866.0 27.0 866.0 719.0 76.0 719.0 
1 5 0.67 0.67 600.0 190.0 600.0 873.0 96.0 873.0 866.0 27.0 866.0 719.0 76.0 719.0 943.0 104.0 943.0 
1 6 0.85 0.85 600.0 190.0 600.0 873.0 96.0 873.0 866.0 27.0 866.0 719.0 76.0 719.0 943.0 104.0 943.0 424.0 75.0 424.0 
1 2 0.78 0.78 925.0 143.0 925.0 301.0 190.0 301.0 
1 3 0.88 0.88 925.0 143.0 925.0 301.0 190.0 301.0 266.0 27.0 266.0 
1 2 0.27 0.27 94.0 25.0 94.0 948.0 8.0 948.0 
1 3 0.41 0.41 94.0 25.0 94.0 948.0 8.0 948.0 655.0 93.0 655.0 
1 4 0.56 0.56 94.0 25.0 94.0 948.0 8.0 948.0 655.0 93.0 655.0 234.0 34.0 234.0 
1 5 0.66 0.66 94.0 25.0 94.0 948.0 8.0 948.0 655.0 93.0 655.0 234.0 34.0 234.0 325.0 35.0 325.0 
1 6 0.71 0.71 94.0 25.0 94.0 948.0 8.0 948.0 655.0 93.0 655.0 234.0 34.0 234.0 325.0 35.0 325.0 487.0 21.0 487.0 
1 7 0.74 0.74 94.0 25.0 94.0 948.0 8.0 948.0 655.0 93.0 655.0 234.0 34.0 234.0 325.0 35.0 325.0 487.0 21.0 487.0 492.0 15.0 492.0 
1 2 0.75 0.75 822.0 165.0 822.0 374.0 208.0 374.0 
1 2 0.5 0.5 50.0 13.0 50.0 169.0 41.0 169.0 
1 3 0.8 0.8 50.0 13.0 50.0 169.0 41.0 169.0 444.0 134.0 444.0 
1 4 0.86 0.86 50.0 13.0 50.0 169.0 41.0 169.0 444.0 134.0 444.0 314.0 19.0 314.0 
1 2 0.52 0.52 391.0 20.0 391.0 34.0 16.0 34.0 
1 3 0.66 0.66 391.0 20.0 391.0 34.0 16.0 34.0 841.0 120.0 841.0 
1 4 0.74 0.74 391.0 20.0 391.0 34.0 16.0 34.0 841.0 120.0 841.0 478.0 37.0 478.0 
1 2 0.37 0.37 834.0 305.0 834.0 160.0 1.0 160.0 
1 3 0.78 0.78 834.0 305.0 834.0 160.0 1.0 160.0 182.0 76.0 182.0 
1 2 0.97 0.97 364.0 97.0 364.0 832.0 592.0 832.0 
1 2 0.44 0.44 964.0 349.0 964.0 476.0 38.0 476.0 
1 3 0.48 0.48 964.0 349.0 964.0 476.0 38.0 476.0 122.0 5.0 122.0 
1 4 0.52 0.52 964.0 349.0 964.0 476.0 38.0 476.0 122.0 5.0 122.0 613.0 27.0 613.0 
1 5 0.6 0.6 964.0 349.0 964.0 476.0 38.0 476.0 122.0 5.0 122.0 613.0 27.0 613.0 82.0 6.0 82.0 
1 6 0.84 0.84 964.0 349.0 964.0 476.0 38.0 476.0 122.0 5.0 122.0 613.0 27.0 613.0 82.0 6.0 82.0 293.0 72.0 293.0 
1 2 0.27 0.27 837.0 75.0 837.0 59.0 11.0 59.0 
1 3 0.36 0.36 837.0 75.0 837.0 59.0 11.0 59.0 853.0 73.0 853.0 
1 4 0.86 0.86 837.0 75.0 837.0 59.0 11.0 59.0 853.0 73.0 853.0 80.0 40.0 80.0 
1 2 0.55 0.55 574.0 90.0 574.0 323.0 128.0 323.0 
1 3 0.58 0.58 574.0 90.0 574.0 323.0 128.0 323.0 295.0 8.0 295.0 
1 4 0.96 0.96 574.0 90.0 574.0 323.0 128.0 323.0 295.0 8.0 295.0 192.0 74.0 192.0 
1 2 0.37 0.37 35.0 12.0 35.0 196.0 7.0 196.0 
1 3 0.99 0.99 35.0 12.0 35.0 196.0 7.0 196.0 194.0 120.0 194.0 
1 2 0.81 0.81 401.0 49.0 401.0 172.0 120.0 172.0 
1 2 0.07 0.07 416.0 9.0 416.0 70.0 4.0 70.0 
1 3 0.4 0.4 416.0 9.0 416.0 70.0 4.0 70.0 104.0 34.0 104.0 
1 4 0.45 0.45 416.0 9.0 416.0 70.0 4.0 70.0 104.0 34.0 104.0 851.0 44.0 851.0 
1 5 0.56 0.56 416.0 9.0 416.0 70.0 4.0 70.0 104.0 34.0 104.0 851.0 44.0 851.0 292.0 30.0 292.0 
1 6 0.68 0.68 416.0 9.0 416.0 70.0 4.0 70.0 104.0 34.0 104.0 851.0 44.0 851.0 292.0 30.0 292.0 408.0 51.0 408.0 
1 7 0.77 0.77 416.0 9.0 416.0 70.0 4.0 70.0 104.0 34.0 104.0 851.0 44.0 851.0 292.0 30.0 292.0 408.0 51.0 408.0 332.0 31.0 332.0 
1 2 0.18 0.18 627.0 46.0 627.0 175.0 20.0 175.0 
1 3 0.19 0.19 627.0 46.0 627.0 175.0 20.0 175.0 552.0 5.0 552.0 
1 4 0.21 0.21 627.0 46.0 627.0 175.0 20.0 175.0 552.0 5.0 552.0 944.0 18.0 944.0 
1 5 0.24 0.24 627.0 46.0 627.0 175.0 20.0 175.0 552.0 5.0 552.0 944.0 18.0 944.0 354.0 9.0 354.0 
1 6 0.66 0.66 627.0 46.0 627.0 175.0 20.0 175.0 552.0 5.0 552.0 944.0 18.0 944.0 354.0 9.0 354.0 379.0 161.0 379.0 
1 7 0.94 0.94 627.0 46.0 627.0 175.0 20.0 175.0 552.0 5.0 552.0 944.0 18.0 944.0 354.0 9.0 354.0 379.0 161.0 379.0 694.0 196.0 694.0 
1 2 0.43 0.43 945.0 334.0 945.0 622.0 49.0 622.0 
1 3 0.48 0.48 945.0 334.0 945.0 622.0 49.0 622.0 736.0 41.0 736.0 
1 4 0.98 0.98 945.0 334.0 945.0 622.0 49.0 622.0 736.0 41.0 736.0 933.0 461.0 933.0 
1 2 0.73 0.73 948.0 87.0 948.0 580.0 372.0 580.0 
1 3 0.89 0.89 948.0 87.0 948.0 580.0 372.0 580.0 897.0 147.0 897.0 
1 2 0.48 0.48 175.0 78.0 175.0 761.0 30.0 761.0 
1 3 0.58 0.58 175.0 78.0 175.0 761.0 30.0 761.0 967.0 96.0 967.0 
1 4 0.64 0.64 175.0 78.0 175.0 761.0 30.0 761.0 967.0 96.0 967.0 17.0 1.0 17.0 
1 5 0.77 0.77 175.0 78.0 175.0 761.0 30.0 761.0 967.0 96.0 967.0 17.0 1.0 17.0 904.0 120.0 904.0 
1 2 0.78 0.78 758.0 266.0 758.0 74.0 32.0 74.0 
1 3 0.9 0.9 758.0 266.0 758.0 74.0 32.0 74.0 17.0 2.0 17.0 
1 2 0.59 0.59 930.0 533.0 930.0 391.0 8.0 391.0 
1 3 0.81 0.81 930.0 533.0 930.0 391.0 8.0 391.0 564.0 127.0 564.0 
1 2 0.78 0.78 935.0 183.0 935.0 916.0 540.0 916.0 
1 2 0.26 0.26 670.0 23.0 670.0 848.0 199.0 848.0 
1 3 0.54 0.54 670.0 23.0 670.0 848.0 199.0 848.0 143.0 39.0 143.0 
1 4 0.85 0.85 670.0 23.0 670.0 848.0 199.0 848.0 143.0 39.0 143.0 645.0 203.0 645.0 
1 2 0.33 0.33 89.0 23.0 89.0 328.0 26.0 328.0 
1 3 0.59 0.59 89.0 23.0 89.0 328.0 26.0 328.0 875.0 222.0 875.0 
1 4 0.94 0.94 89.0 23.0 89.0 328.0 26.0 328.0 875.0 222.0 875.0 692.0 245.0 692.0 
1 2 0.54 0.54 664.0 115.0 664.0 672.0 252.0 672.0 
1 2 0.96 0.96 226.0 90.0 226.0 16.0 9.0 16.0 
1 2 0.73 0.73 323.0 229.0 323.0 993.0 29.0 993.0 
1 2 0.43 0.43 629.0 238.0 629.0 292.0 17.0 292.0 
1 2 0.07 0.07 977.0 63.0 977.0 864.0 7.0 864.0 
1 3 0.28 0.28 977.0 63.0 977.0 864.0 7.0 864.0 297.0 64.0 297.0 
1 4 0.53 0.53 977.0 63.0 977.0 864.0 7.0 864.0 297.0 64.0 297.0 255.0 64.0 255.0 
1 2 0.57 0.57 476.0 113.0 476.0 18.0 6.0 18.0 
1 3 0.83 0.83 476.0 113.0 476.0 18.0 6.0 18.0 700.0 188.0 700.0 
1 4 0.99 0.99 476.0 113.0 476.0 18.0 6.0 18.0 700.0 188.0 700.0 925.0 147.0 925.0 
1 2 0.34 0.34 162.0 52.0 162.0 655.0 16.0 655.0 
1 3 0.71 0.71 162.0 52.0 162.0 655.0 16.0 655.0 759.0 278.0 759.0 
1 4 0.82 0.82 162.0 52.0 162.0 655.0 16.0 655.0 759.0 278.0 759.0 409.0 45.0 409.0 
1 5 0.83 0.83 162.0 52.0 162.0 655.0 16.0 655.0 759.0 278.0 759.0 409.0 45.0 409.0 890.0 11.0 890.0 
1 2 0.11 0.11 308.0 21.0 308.0 482.0 24.0 482.0 
1 3 0.15 0.15 308.0 21.0 308.0 482.0 24.0 482.0 928.0 31.0 928.0 
1 4 0.66 0.66 308.0 21.0 308.0 482.0 24.0 482.0 928.0 31.0 928.0 289.0 147.0 289.0 
1 5 0.67 0.67 308.0 21.0 308.0 482.0 24.0 482.0 928.0 31.0 928.0 289.0 147.0 289.0 728.0 14.0 728.0 
1 2 0.14 0.14 307.0 6.0 307.0 940.0 120.0 940.0 
1 3 0.2 0.2 307.0 6.0 307.0 940.0 120.0 940.0 381.0 22.0 381.0 
1 4 0.25 0.25 307.0 6.0 307.0 940.0 120.0 940.0 381.0 22.0 381.0 865.0 41.0 865.0 
1 5 0.25 0.25 307.0 6.0 307.0 940.0 120.0 940.0 381.0 22.0 381.0 865.0 41.0 865.0 958.0 2.0 958.0 
1 6 0.77 0.77 307.0 6.0 307.0 940.0 120.0 940.0 381.0 22.0 381.0 865.0 41.0 865.0 958.0 2.0 958.0 431.0 224.0 431.0 
1 7 0.9 0.9 307.0 6.0 307.0 940.0 120.0 940.0 381.0 22.0 381.0 865.0 41.0 865.0 958.0 2.0 958.0 431.0 224.0 431.0 183.0 24.0 183.0 
1 8 0.99 0.99 307.0 6.0 307.0 940.0 120.0 940.0 381.0 22.0 381.0 865.0 41.0 865.0 958.0 2.0 958.0 431.0 224.0 431.0 183.0 24.0 183.0 22.0 2.0 22.0 
1 2 0.25 0.25 398.0 8.0 398.0 216.0 50.0 216.0 
1 3 0.39 0.39 398.0 8.0 398.0 216.0 50.0 216.0 896.0 126.0 896.0 
1 4 0.54 0.54 398.0 8.0 398.0 216.0 50.0 216.0 896.0 126.0 896.0 660.0 100.0 660.0 
1 5 0.57 0.57 398.0 8.0 398.0 216.0 50.0 216.0 896.0 126.0 896.0 660.0 100.0 660.0 907.0 31.0 907.0 
1 6 0.7 0.7 398.0 8.0 398.0 216.0 50.0 216.0 896.0 126.0 896.0 660.0 100.0 660.0 907.0 31.0 907.0 351.0 44.0 351.0 
1 7 0.73 0.73 398.0 8.0 398.0 216.0 50.0 216.0 896.0 126.0 896.0 660.0 100.0 660.0 907.0 31.0 907.0 351.0 44.0 351.0 95.0 3.0 95.0 
1 8 0.9 0.9 398.0 8.0 398.0 216.0 50.0 216.0 896.0 126.0 896.0 660.0 100.0 660.0 907.0 31.0 907.0 351.0 44.0 351.0 95.0 3.0 95.0 6.0 1.0 6.0 
1 2 0.67 0.67 138.0 46.0 138.0 810.0 280.0 810.0 
1 2 0.12 0.12 635.0 64.0 635.0 395.0 10.0 395.0 
1 3 0.43 0.43 635.0 64.0 635.0 395.0 10.0 395.0 812.0 254.0 812.0 
1 2 0.4 0.4 676.0 201.0 676.0 412.0 44.0 412.0 
1 3 0.47 0.47 676.0 201.0 676.0 412.0 44.0 412.0 306.0 23.0 306.0 
1 4 0.51 0.51 676.0 201.0 676.0 412.0 44.0 412.0 306.0 23.0 306.0 190.0 7.0 190.0 
1 5 0.58 0.58 676.0 201.0 676.0 412.0 44.0 412.0 306.0 23.0 306.0 190.0 7.0 190.0 272.0 19.0 272.0 
1 6 0.62 0.62 676.0 201.0 676.0 412.0 44.0 412.0 306.0 23.0 306.0 190.0 7.0 190.0 272.0 19.0 272.0 103.0 4.0 103.0 
1 7 0.73 0.73 676.0 201.0 676.0 412.0 44.0 412.0 306.0 23.0 306.0 190.0 7.0 190.0 272.0 19.0 272.0 103.0 4.0 103.0 319.0 35.0 319.0 
1 8 0.94 0.94 676.0 201.0 676.0 412.0 44.0 412.0 306.0 23.0 306.0 190.0 7.0 190.0 272.0 19.0 272.0 103.0 4.0 103.0 319.0 35.0 319.0 995.0 212.0 995.0 
1 2 0.6 0.6 115.0 40.0 115.0 630.0 159.0 630.0 
1 2 0.54 0.54 411.0 84.0 411.0 867.0 299.0 867.0 
1 3 0.83 0.83 411.0 84.0 411.0 867.0 299.0 867.0 324.0 93.0 324.0 
1 2 0.52 0.52 839.0 335.0 839.0 185.0 23.0 185.0 
1 3 0.79 0.79 839.0 335.0 839.0 185.0 23.0 185.0 570.0 153.0 570.0 
1 2 0.46 0.46 59.0 2.0 59.0 798.0 341.0 798.0 
1 3 0.72 0.72 59.0 2.0 59.0 798.0 341.0 798.0 234.0 62.0 234.0 
1 4 0.77 0.77 59.0 2.0 59.0 798.0 341.0 798.0 234.0 62.0 234.0 370.0 17.0 370.0 
1 2 0.27 0.27 244.0 35.0 244.0 128.0 17.0 128.0 
1 3 0.53 0.53 244.0 35.0 244.0 128.0 17.0 128.0 973.0 254.0 973.0 
1 4 0.53 0.53 244.0 35.0 244.0 128.0 17.0 128.0 973.0 254.0 973.0 599.0 1.0 599.0 
1 5 0.67 0.67 244.0 35.0 244.0 128.0 17.0 128.0 973.0 254.0 973.0 599.0 1.0 599.0 903.0 127.0 903.0 
1 6 0.84 0.84 244.0 35.0 244.0 128.0 17.0 128.0 973.0 254.0 973.0 599.0 1.0 599.0 903.0 127.0 903.0 6.0 1.0 6.0 
1 7 0.87 0.87 244.0 35.0 244.0 128.0 17.0 128.0 973.0 254.0 973.0 599.0 1.0 599.0 903.0 127.0 903.0 6.0 1.0 6.0 835.0 23.0 835.0 
1 2 0.56 0.56 242.0 51.0 242.0 609.0 216.0 609.0 
1 3 0.81 0.81 242.0 51.0 242.0 609.0 216.0 609.0 305.0 75.0 305.0 
1 2 0.77 0.77 476.0 130.0 476.0 380.0 189.0 380.0 
1 2 0.13 0.13 636.0 37.0 636.0 760.0 57.0 760.0 
1 3 0.43 0.43 636.0 37.0 636.0 760.0 57.0 760.0 75.0 23.0 75.0 
1 4 0.46 0.46 636.0 37.0 636.0 760.0 57.0 760.0 75.0 23.0 75.0 487.0 11.0 487.0 
1 5 0.59 0.59 636.0 37.0 636.0 760.0 57.0 760.0 75.0 23.0 75.0 487.0 11.0 487.0 348.0 47.0 348.0 
1 2 0.2 0.2 827.0 89.0 827.0 716.0 69.0 716.0 
1 3 0.47 0.47 827.0 89.0 827.0 716.0 69.0 716.0 512.0 141.0 512.0 
1 4 0.81 0.81 827.0 89.0 827.0 716.0 69.0 716.0 512.0 141.0 512.0 827.0 281.0 827.0 
1 2 0.4 0.4 795.0 321.0 795.0 532.0 2.0 532.0 
1 3 0.42 0.42 795.0 321.0 795.0 532.0 2.0 532.0 864.0 11.0 864.0 
1 4 0.57 0.57 795.0 321.0 795.0 532.0 2.0 532.0 864.0 11.0 864.0 66.0 10.0 66.0 
1 2 0.53 0.53 480.0 154.0 480.0 842.0 180.0 842.0 
1 3 0.53 0.53 480.0 154.0 480.0 842.0 180.0 842.0 675.0 3.0 675.0 
1 4 0.57 0.57 480.0 154.0 480.0 842.0 180.0 842.0 675.0 3.0 675.0 258.0 8.0 258.0 
1 2 0.48 0.48 919.0 373.0 919.0 900.0 72.0 900.0 
1 2 0.76 0.76 883.0 643.0 883.0 355.0 14.0 355.0 
1 2 0.83 0.83 427.0 85.0 427.0 931.0 596.0 931.0 
1 2 0.85 0.85 413.0 238.0 413.0 959.0 272.0 959.0 
1 2 0.14 0.14 181.0 7.0 181.0 109.0 12.0 109.0 
1 3 0.32 0.32 181.0 7.0 181.0 109.0 12.0 109.0 713.0 124.0 713.0 
1 4 0.8 0.8 181.0 7.0 181.0 109.0 12.0 109.0 713.0 124.0 713.0 23.0 11.0 23.0 
1 5 0.93 0.93 181.0 7.0 181.0 109.0 12.0 109.0 713.0 124.0 713.0 23.0 11.0 23.0 641.0 88.0 641.0 
1 6 0.96 0.96 181.0 7.0 181.0 109.0 12.0 109.0 713.0 124.0 713.0 23.0 11.0 23.0 641.0 88.0 641.0 650.0 15.0 650.0 
1 7 0.97 0.97 181.0 7.0 181.0 109.0 12.0 109.0 713.0 124.0 713.0 23.0 11.0 23.0 641.0 88.0 641.0 650.0 15.0 650.0 451.0 6.0 451.0 
1 2 0.77 0.77 25.0 11.0 25.0 153.0 52.0 153.0 
1 3 0.8 0.8 25.0 11.0 25.0 153.0 52.0 153.0 45.0 1.0 45.0 
1 2 0.11 0.11 473.0 24.0 473.0 526.0 36.0 526.0 
1 3 0.4 0.4 473.0 24.0 473.0 526.0 36.0 526.0 369.0 105.0 369.0 
1 2 0.41 0.41 549.0 119.0 549.0 748.0 148.0 748.0 
1 3 0.63 0.63 549.0 119.0 549.0 748.0 148.0 748.0 496.0 108.0 496.0 
1 2 0.9 0.9 492.0 178.0 492.0 359.0 195.0 359.0 
1 2 0.2 0.2 856.0 38.0 856.0 430.0 71.0 430.0 
1 3 0.57 0.57 856.0 38.0 856.0 430.0 71.0 430.0 65.0 24.0 65.0 
1 4 0.62 0.62 856.0 38.0 856.0 430.0 71.0 430.0 65.0 24.0 65.0 652.0 27.0 652.0 
1 5 0.71 0.71 856.0 38.0 856.0 430.0 71.0 430.0 65.0 24.0 65.0 652.0 27.0 652.0 107.0 10.0 107.0 
1 6 0.73 0.73 856.0 38.0 856.0 430.0 71.0 430.0 65.0 24.0 65.0 652.0 27.0 652.0 107.0 10.0 107.0 391.0 10.0 391.0 
1 7 0.87 0.87 856.0 38.0 856.0 430.0 71.0 430.0 65.0 24.0 65.0 652.0 27.0 652.0 107.0 10.0 107.0 391.0 10.0 391.0 602.0 80.0 602.0 
1 8 0.92 0.92 856.0 38.0 856.0 430.0 71.0 430.0 65.0 24.0 65.0 652.0 27.0 652.0 107.0 10.0 107.0 391.0 10.0 391.0 602.0 80.0 602.0 746.0 38.0 746.0 
1 9 0.96 0.96 856.0 38.0 856.0 430.0 71.0 430.0 65.0 24.0 65.0 652.0 27.0 652.0 107.0 10.0 107.0 391.0 10.0 391.0 602.0 80.0 602.0 746.0 38.0 746.0 767.0 36.0 767.0 
1 2 0.77 0.77 255.0 59.0 255.0 115.0 63.0 115.0 
1 3 0.82 0.82 255.0 59.0 255.0 115.0 63.0 115.0 92.0 4.0 92.0 
1 2 0.42 0.42 664.0 163.0 664.0 588.0 104.0 588.0 
1 3 0.52 0.52 664.0 163.0 664.0 588.0 104.0 588.0 956.0 101.0 956.0 
1 4 0.82 0.82 664.0 163.0 664.0 588.0 104.0 588.0 956.0 101.0 956.0 338.0 100.0 338.0 
1 2 0.41 0.41 517.0 56.0 517.0 414.0 128.0 414.0 
1 3 0.53 0.53 517.0 56.0 517.0 414.0 128.0 414.0 443.0 53.0 443.0 
1 4 0.73 0.73 517.0 56.0 517.0 414.0 128.0 414.0 443.0 53.0 443.0 544.0 106.0 544.0 
1 5 0.83 0.83 517.0 56.0 517.0 414.0 128.0 414.0 443.0 53.0 443.0 544.0 106.0 544.0 791.0 78.0 791.0 
1 6 0.87 0.87 517.0 56.0 517.0 414.0 128.0 414.0 443.0 53.0 443.0 544.0 106.0 544.0 791.0 78.0 791.0 817.0 36.0 817.0 
1 2 0.04 0.04 583.0 12.0 583.0 492.0 10.0 492.0 
1 3 0.64 0.64 583.0 12.0 583.0 492.0 10.0 492.0 511.0 311.0 511.0 
1 4 0.72 0.72 583.0 12.0 583.0 492.0 10.0 492.0 511.0 311.0 511.0 745.0 56.0 745.0 
1 5 0.83 0.83 583.0 12.0 583.0 492.0 10.0 492.0 511.0 311.0 511.0 745.0 56.0 745.0 597.0 63.0 597.0 
1 2 0.23 0.23 586.0 62.0 586.0 904.0 114.0 904.0 
1 3 0.69 0.69 586.0 62.0 586.0 904.0 114.0 904.0 564.0 260.0 564.0 
1 4 0.95 0.95 586.0 62.0 586.0 904.0 114.0 904.0 564.0 260.0 564.0 635.0 164.0 635.0 
1 2 0.07 0.07 658.0 2.0 658.0 775.0 59.0 775.0 
1 3 0.24 0.24 658.0 2.0 658.0 775.0 59.0 775.0 759.0 127.0 759.0 
1 4 0.32 0.32 658.0 2.0 658.0 775.0 59.0 775.0 759.0 127.0 759.0 245.0 19.0 245.0 
1 5 0.88 0.88 658.0 2.0 658.0 775.0 59.0 775.0 759.0 127.0 759.0 245.0 19.0 245.0 429.0 242.0 429.0 
1 6 0.98 0.98 658.0 2.0 658.0 775.0 59.0 775.0 759.0 127.0 759.0 245.0 19.0 245.0 429.0 242.0 429.0 578.0 57.0 578.0 
1 2 0.9 0.9 332.0 138.0 332.0 258.0 127.0 258.0 
1 3 0.91 0.91 332.0 138.0 332.0 258.0 127.0 258.0 224.0 1.0 224.0 
1 2 0.53 0.53 220.0 98.0 220.0 931.0 83.0 931.0 
1 3 0.8 0.8 220.0 98.0 220.0 931.0 83.0 931.0 716.0 195.0 716.0 
1 2 0.89 0.89 406.0 296.0 406.0 144.0 24.0 144.0 
1 2 0.68 0.68 292.0 13.0 292.0 945.0 607.0 945.0 
1 2 0.12 0.12 1000.0 23.0 1000.0 786.0 78.0 786.0 
1 3 0.45 0.45 1000.0 23.0 1000.0 786.0 78.0 786.0 661.0 218.0 661.0 
1 4 0.97 0.97 1000.0 23.0 1000.0 786.0 78.0 786.0 661.0 218.0 661.0 870.0 457.0 870.0 
1 2 0.29 0.29 979.0 229.0 979.0 319.0 20.0 319.0 
1 3 0.43 0.43 979.0 229.0 979.0 319.0 20.0 319.0 349.0 48.0 349.0 
1 4 0.67 0.67 979.0 229.0 979.0 319.0 20.0 319.0 349.0 48.0 349.0 307.0 73.0 307.0 
1 5 0.74 0.74 979.0 229.0 979.0 319.0 20.0 319.0 349.0 48.0 349.0 307.0 73.0 307.0 78.0 6.0 78.0 
1 6 0.98 0.98 979.0 229.0 979.0 319.0 20.0 319.0 349.0 48.0 349.0 307.0 73.0 307.0 78.0 6.0 78.0 402.0 94.0 402.0 
1 7 0.99 0.99 979.0 229.0 979.0 319.0 20.0 319.0 349.0 48.0 349.0 307.0 73.0 307.0 78.0 6.0 78.0 402.0 94.0 402.0 193.0 3.0 193.0 
1 2 0.17 0.17 647.0 56.0 647.0 962.0 86.0 962.0 
1 3 0.28 0.28 647.0 56.0 647.0 962.0 86.0 962.0 192.0 20.0 192.0 
1 4 0.49 0.49 647.0 56.0 647.0 962.0 86.0 962.0 192.0 20.0 192.0 367.0 78.0 367.0 
1 5 0.9 0.9 647.0 56.0 647.0 962.0 86.0 962.0 192.0 20.0 192.0 367.0 78.0 367.0 588.0 244.0 588.0 
1 2 0.87 0.87 986.0 18.0 986.0 371.0 317.0 371.0 
1 2 0.84 0.84 323.0 171.0 323.0 578.0 185.0 578.0 
1 3 0.94 0.94 323.0 171.0 323.0 578.0 185.0 578.0 167.0 16.0 167.0 
1 2 0.22 0.22 360.0 73.0 360.0 435.0 10.0 435.0 
1 3 0.22 0.22 360.0 73.0 360.0 435.0 10.0 435.0 411.0 1.0 411.0 
1 4 0.76 0.76 360.0 73.0 360.0 435.0 10.0 435.0 411.0 1.0 411.0 186.0 100.0 186.0 
1 2 0.36 0.36 413.0 124.0 413.0 105.0 7.0 105.0 
1 3 0.61 0.61 413.0 124.0 413.0 105.0 7.0 105.0 462.0 113.0 462.0 
1 4 0.99 0.99 413.0 124.0 413.0 105.0 7.0 105.0 462.0 113.0 462.0 628.0 238.0 628.0 
1 2 0.64 0.64 990.0 208.0 990.0 581.0 254.0 581.0 
1 2 0.25 0.25 603.0 117.0 603.0 154.0 9.0 154.0 
1 3 0.28 0.28 603.0 117.0 603.0 154.0 9.0 154.0 828.0 31.0 828.0 
1 4 0.44 0.44 603.0 117.0 603.0 154.0 9.0 154.0 828.0 31.0 828.0 893.0 135.0 893.0 
1 5 0.48 0.48 603.0 117.0 603.0 154.0 9.0 154.0 828.0 31.0 828.0 893.0 135.0 893.0 76.0 3.0 76.0 
1 6 0.65 0.65 603.0 117.0 603.0 154.0 9.0 154.0 828.0 31.0 828.0 893.0 135.0 893.0 76.0 3.0 76.0 842.0 145.0 842.0 
1 7 0.7 0.7 603.0 117.0 603.0 154.0 9.0 154.0 828.0 31.0 828.0 893.0 135.0 893.0 76.0 3.0 76.0 842.0 145.0 842.0 250.0 13.0 250.0 
1 8 0.76 0.76 603.0 117.0 603.0 154.0 9.0 154.0 828.0 31.0 828.0 893.0 135.0 893.0 76.0 3.0 76.0 842.0 145.0 842.0 250.0 13.0 250.0 734.0 42.0 734.0 
1 2 0.35 0.35 818.0 63.0 818.0 247.0 68.0 247.0 
1 3 0.4 0.4 818.0 63.0 818.0 247.0 68.0 247.0 981.0 52.0 981.0 
1 4 0.98 0.98 818.0 63.0 818.0 247.0 68.0 247.0 981.0 52.0 981.0 520.0 300.0 520.0 
1 2 0.48 0.48 65.0 28.0 65.0 19.0 1.0 19.0 
1 3 0.56 0.56 65.0 28.0 65.0 19.0 1.0 19.0 168.0 13.0 168.0 
1 2 0.75 0.75 977.0 23.0 977.0 680.0 498.0 680.0 
1 3 0.79 0.79 977.0 23.0 977.0 680.0 498.0 680.0 824.0 34.0 824.0 
1 4 0.95 0.95 977.0 23.0 977.0 680.0 498.0 680.0 824.0 34.0 824.0 898.0 141.0 898.0 
1 2 0.49 0.49 73.0 8.0 73.0 913.0 348.0 913.0 
1 3 0.51 0.51 73.0 8.0 73.0 913.0 348.0 913.0 818.0 18.0 818.0 
1 4 0.65 0.65 73.0 8.0 73.0 913.0 348.0 913.0 818.0 18.0 818.0 154.0 22.0 154.0 
1 5 0.75 0.75 73.0 8.0 73.0 913.0 348.0 913.0 818.0 18.0 818.0 154.0 22.0 154.0 777.0 80.0 777.0 
1 2 0.56 0.56 291.0 66.0 291.0 236.0 79.0 236.0 
1 2 0.22 0.22 175.0 8.0 175.0 133.0 24.0 133.0 
1 3 0.7 0.7 175.0 8.0 175.0 133.0 24.0 133.0 179.0 85.0 179.0 
1 4 0.71 0.71 175.0 8.0 175.0 133.0 24.0 133.0 179.0 85.0 179.0 227.0 3.0 227.0 
1 2 0.78 0.78 836.0 567.0 836.0 172.0 19.0 172.0 
1 2 0.84 0.84 606.0 64.0 606.0 219.0 161.0 219.0 
1 2 0.13 0.13 965.0 11.0 965.0 8.0 1.0 8.0 
1 3 0.29 0.29 965.0 11.0 965.0 8.0 1.0 8.0 349.0 55.0 349.0 
1 4 0.53 0.53 965.0 11.0 965.0 8.0 1.0 8.0 349.0 55.0 349.0 403.0 96.0 403.0 
1 5 0.91 0.91 965.0 11.0 965.0 8.0 1.0 8.0 349.0 55.0 349.0 403.0 96.0 403.0 831.0 315.0 831.0 
1 2 0.1 0.1 360.0 10.0 360.0 247.0 20.0 247.0 
1 3 0.28 0.28 360.0 10.0 360.0 247.0 20.0 247.0 518.0 92.0 518.0 
1 4 0.37 0.37 360.0 10.0 360.0 247.0 20.0 247.0 518.0 92.0 518.0 344.0 32.0 344.0 
1 5 0.39 0.39 360.0 10.0 360.0 247.0 20.0 247.0 518.0 92.0 518.0 344.0 32.0 344.0 356.0 6.0 356.0 
1 6 0.54 0.54 360.0 10.0 360.0 247.0 20.0 247.0 518.0 92.0 518.0 344.0 32.0 344.0 356.0 6.0 356.0 573.0 87.0 573.0 
1 7 0.88 0.88 360.0 10.0 360.0 247.0 20.0 247.0 518.0 92.0 518.0 344.0 32.0 344.0 356.0 6.0 356.0 573.0 87.0 573.0 311.0 104.0 311.0 
1 2 0.35 0.35 846.0 217.0 846.0 138.0 14.0 138.0 
1 3 0.64 0.64 846.0 217.0 846.0 138.0 14.0 138.0 134.0 39.0 134.0 
1 4 0.97 0.97 846.0 217.0 846.0 138.0 14.0 138.0 134.0 39.0 134.0 367.0 121.0 367.0 
1 2 0.42 0.42 593.0 153.0 593.0 6.0 1.0 6.0 
1 3 0.85 0.85 593.0 153.0 593.0 6.0 1.0 6.0 338.0 147.0 338.0 
1 2 0.66 0.66 618.0 371.0 618.0 227.0 14.0 227.0 
1 3 0.74 0.74 618.0 371.0 618.0 227.0 14.0 227.0 689.0 55.0 689.0 
1 4 0.77 0.77 618.0 371.0 618.0 227.0 14.0 227.0 689.0 55.0 689.0 58.0 2.0 58.0 
1 5 0.85 0.85 618.0 371.0 618.0 227.0 14.0 227.0 689.0 55.0 689.0 58.0 2.0 58.0 592.0 48.0 592.0 
1 2 0.31 0.31 809.0 176.0 809.0 72.0 7.0 72.0 
1 3 0.33 0.33 809.0 176.0 809.0 72.0 7.0 72.0 340.0 6.0 340.0 
1 4 0.34 0.34 809.0 176.0 809.0 72.0 7.0 72.0 340.0 6.0 340.0 300.0 5.0 300.0 
1 5 0.39 0.39 809.0 176.0 809.0 72.0 7.0 72.0 340.0 6.0 340.0 300.0 5.0 300.0 362.0 15.0 362.0 
1 6 0.6 0.6 809.0 176.0 809.0 72.0 7.0 72.0 340.0 6.0 340.0 300.0 5.0 300.0 362.0 15.0 362.0 381.0 83.0 381.0 
1 7 0.81 0.81 809.0 176.0 809.0 72.0 7.0 72.0 340.0 6.0 340.0 300.0 5.0 300.0 362.0 15.0 362.0 381.0 83.0 381.0 889.0 184.0 889.0 
1 8 0.97 0.97 809.0 176.0 809.0 72.0 7.0 72.0 340.0 6.0 340.0 300.0 5.0 300.0 362.0 15.0 362.0 381.0 83.0 381.0 889.0 184.0 889.0 457.0 72.0 457.0 
1 2 0.45 0.45 354.0 71.0 354.0 402.0 102.0 402.0 
1 3 0.72 0.72 354.0 71.0 354.0 402.0 102.0 402.0 406.0 110.0 406.0 
1 2 0.08 0.08 624.0 32.0 624.0 977.0 29.0 977.0 
1 3 0.08 0.08 624.0 32.0 624.0 977.0 29.0 977.0 738.0 3.0 738.0 
1 4 0.14 0.14 624.0 32.0 624.0 977.0 29.0 977.0 738.0 3.0 738.0 441.0 27.0 441.0 
1 5 0.22 0.22 624.0 32.0 624.0 977.0 29.0 977.0 738.0 3.0 738.0 441.0 27.0 441.0 881.0 71.0 881.0 
1 6 0.32 0.32 624.0 32.0 624.0 977.0 29.0 977.0 738.0 3.0 738.0 441.0 27.0 441.0 881.0 71.0 881.0 20.0 2.0 20.0 
1 7 0.39 0.39 624.0 32.0 624.0 977.0 29.0 977.0 738.0 3.0 738.0 441.0 27.0 441.0 881.0 71.0 881.0 20.0 2.0 20.0 42.0 3.0 42.0 
1 8 0.48 0.48 624.0 32.0 624.0 977.0 29.0 977.0 738.0 3.0 738.0 441.0 27.0 441.0 881.0 71.0 881.0 20.0 2.0 20.0 42.0 3.0 42.0 756.0 68.0 756.0 
1 9 0.81 0.81 624.0 32.0 624.0 977.0 29.0 977.0 738.0 3.0 738.0 441.0 27.0 441.0 881.0 71.0 881.0 20.0 2.0 20.0 42.0 3.0 42.0 756.0 68.0 756.0 889.0 294.0 889.0 
1 2 0.74 0.74 293.0 6.0 293.0 341.0 246.0 341.0 
1 3 0.87 0.87 293.0 6.0 293.0 341.0 246.0 341.0 638.0 88.0 638.0 
1 2 0.39 0.39 52.0 9.0 52.0 977.0 212.0 977.0 
1 3 0.57 0.57 52.0 9.0 52.0 977.0 212.0 977.0 772.0 142.0 772.0 
1 4 0.87 0.87 52.0 9.0 52.0 977.0 212.0 977.0 772.0 142.0 772.0 50.0 15.0 50.0 
1 2 0.97 0.97 455.0 51.0 455.0 348.0 301.0 348.0 
1 2 0.18 0.18 885.0 55.0 885.0 463.0 59.0 463.0 
1 3 0.26 0.26 885.0 55.0 885.0 463.0 59.0 463.0 902.0 67.0 902.0 
1 4 0.5 0.5 885.0 55.0 885.0 463.0 59.0 463.0 902.0 67.0 902.0 801.0 193.0 801.0 
1 5 0.72 0.72 885.0 55.0 885.0 463.0 59.0 463.0 902.0 67.0 902.0 801.0 193.0 801.0 692.0 154.0 692.0 
1 6 0.73 0.73 885.0 55.0 885.0 463.0 59.0 463.0 902.0 67.0 902.0 801.0 193.0 801.0 692.0 154.0 692.0 156.0 1.0 156.0 
1 7 0.75 0.75 885.0 55.0 885.0 463.0 59.0 463.0 902.0 67.0 902.0 801.0 193.0 801.0 692.0 154.0 692.0 156.0 1.0 156.0 754.0 17.0 754.0 
1 8 0.84 0.84 885.0 55.0 885.0 463.0 59.0 463.0 902.0 67.0 902.0 801.0 193.0 801.0 692.0 154.0 692.0 156.0 1.0 156.0 754.0 17.0 754.0 567.0 48.0 567.0 
1 2 0.68 0.68 398.0 256.0 398.0 926.0 36.0 926.0 
1 2 0.67 0.67 595.0 358.0 595.0 225.0 17.0 225.0 
1 3 0.81 0.81 595.0 358.0 595.0 225.0 17.0 225.0 455.0 64.0 455.0 
1 2 0.55 0.55 114.0 7.0 114.0 420.0 208.0 420.0 
1 2 0.37 0.37 557.0 31.0 557.0 556.0 180.0 556.0 
1 3 0.49 0.49 557.0 31.0 557.0 556.0 180.0 556.0 483.0 55.0 483.0 
1 2 0.17 0.17 280.0 22.0 280.0 540.0 53.0 540.0 
1 3 0.26 0.26 280.0 22.0 280.0 540.0 53.0 540.0 447.0 39.0 447.0 
1 4 0.33 0.33 280.0 22.0 280.0 540.0 53.0 540.0 447.0 39.0 447.0 517.0 39.0 517.0 
1 5 0.75 0.75 280.0 22.0 280.0 540.0 53.0 540.0 447.0 39.0 447.0 517.0 39.0 517.0 867.0 360.0 867.0 
1 2 0.12 0.12 249.0 2.0 249.0 282.0 32.0 282.0 
1 3 0.56 0.56 249.0 2.0 249.0 282.0 32.0 282.0 608.0 269.0 608.0 
1 2 0.37 0.37 498.0 73.0 498.0 376.0 87.0 376.0 
1 3 0.41 0.41 498.0 73.0 498.0 376.0 87.0 376.0 671.0 25.0 671.0 
1 4 0.42 0.42 498.0 73.0 498.0 376.0 87.0 376.0 671.0 25.0 671.0 234.0 3.0 234.0 
1 5 0.96 0.96 498.0 73.0 498.0 376.0 87.0 376.0 671.0 25.0 671.0 234.0 3.0 234.0 547.0 294.0 547.0 
1 2 0.66 0.66 707.0 389.0 707.0 44.0 5.0 44.0 
1 3 0.87 0.87 707.0 389.0 707.0 44.0 5.0 44.0 204.0 43.0 204.0 
1 2 0.68 0.68 252.0 138.0 252.0 600.0 82.0 600.0 
1 3 0.99 0.99 252.0 138.0 252.0 600.0 82.0 600.0 597.0 187.0 597.0 
1 2 0.24 0.24 725.0 175.0 725.0 520.0 2.0 520.0 
1 3 0.95 0.95 725.0 175.0 725.0 520.0 2.0 520.0 299.0 212.0 299.0 
1 2 0.48 0.48 711.0 170.0 711.0 911.0 228.0 911.0 
1 3 0.62 0.62 711.0 170.0 711.0 911.0 228.0 911.0 287.0 40.0 287.0 
1 4 0.88 0.88 711.0 170.0 711.0 911.0 228.0 911.0 287.0 40.0 287.0 320.0 83.0 320.0 
1 2 0.18 0.18 703.0 40.0 703.0 108.0 14.0 108.0 
1 3 0.44 0.44 703.0 40.0 703.0 108.0 14.0 108.0 803.0 207.0 803.0 
1 4 0.44 0.44 703.0 40.0 703.0 108.0 14.0 108.0 803.0 207.0 803.0 572.0 1.0 572.0 
1 5 0.66 0.66 703.0 40.0 703.0 108.0 14.0 108.0 803.0 207.0 803.0 572.0 1.0 572.0 855.0 184.0 855.0 
1 2 0.71 0.71 860.0 177.0 860.0 586.0 297.0 586.0 
1 3 0.82 0.82 860.0 177.0 860.0 586.0 297.0 586.0 936.0 104.0 936.0 
1 2 0.27 0.27 248.0 33.0 248.0 883.0 126.0 883.0 
1 3 0.31 0.31 248.0 33.0 248.0 883.0 126.0 883.0 366.0 13.0 366.0 
1 4 0.38 0.38 248.0 33.0 248.0 883.0 126.0 883.0 366.0 13.0 366.0 641.0 46.0 641.0 
1 5 0.41 0.41 248.0 33.0 248.0 883.0 126.0 883.0 366.0 13.0 366.0 641.0 46.0 641.0 502.0 16.0 502.0 
1 6 0.92 0.92 248.0 33.0 248.0 883.0 126.0 883.0 366.0 13.0 366.0 641.0 46.0 641.0 502.0 16.0 502.0 903.0 464.0 903.0 
1 7 0.93 0.93 248.0 33.0 248.0 883.0 126.0 883.0 366.0 13.0 366.0 641.0 46.0 641.0 502.0 16.0 502.0 903.0 464.0 903.0 711.0 6.0 711.0 
1 2 0.57 0.57 54.0 27.0 54.0 270.0 19.0 270.0 
1 3 0.66 0.66 54.0 27.0 54.0 270.0 19.0 270.0 691.0 65.0 691.0 
1 4 0.8 0.8 54.0 27.0 54.0 270.0 19.0 270.0 691.0 65.0 691.0 784.0 108.0 784.0 
1 5 0.83 0.83 54.0 27.0 54.0 270.0 19.0 270.0 691.0 65.0 691.0 784.0 108.0 784.0 89.0 3.0 89.0 
1 2 0.38 0.38 777.0 222.0 777.0 395.0 39.0 395.0 
1 3 0.57 0.57 777.0 222.0 777.0 395.0 39.0 395.0 675.0 128.0 675.0 
1 4 0.8 0.8 777.0 222.0 777.0 395.0 39.0 395.0 675.0 128.0 675.0 35.0 8.0 35.0 
1 5 0.84 0.84 777.0 222.0 777.0 395.0 39.0 395.0 675.0 128.0 675.0 35.0 8.0 35.0 532.0 25.0 532.0 
1 2 0.4 0.4 919.0 249.0 919.0 914.0 125.0 914.0 
1 2 0.61 0.61 69.0 12.0 69.0 178.0 78.0 178.0 
1 3 0.73 0.73 69.0 12.0 69.0 178.0 78.0 178.0 676.0 83.0 676.0 
1 4 0.77 0.77 69.0 12.0 69.0 178.0 78.0 178.0 676.0 83.0 676.0 421.0 16.0 421.0 
1 2 0.21 0.21 585.0 1.0 585.0 808.0 172.0 808.0 
1 3 0.73 0.73 585.0 1.0 585.0 808.0 172.0 808.0 253.0 131.0 253.0 
1 2 0.3 0.3 434.0 107.0 434.0 348.0 22.0 348.0 
1 3 0.85 0.85 434.0 107.0 434.0 348.0 22.0 348.0 768.0 420.0 768.0 
1 2 0.75 0.75 2.0 1.0 2.0 8.0 2.0 8.0 
1 2 0.64 0.64 801.0 312.0 801.0 420.0 108.0 420.0 
1 3 0.72 0.72 801.0 312.0 801.0 420.0 108.0 420.0 577.0 44.0 577.0 
1 4 0.8 0.8 801.0 312.0 801.0 420.0 108.0 420.0 577.0 44.0 577.0 554.0 45.0 554.0 
1 2 0.78 0.78 565.0 236.0 565.0 329.0 122.0 329.0 
1 2 0.27 0.27 66.0 10.0 66.0 41.0 5.0 41.0 
1 3 0.36 0.36 66.0 10.0 66.0 41.0 5.0 41.0 206.0 18.0 206.0 
1 2 0.21 0.21 186.0 18.0 186.0 453.0 52.0 453.0 
1 3 0.65 0.65 186.0 18.0 186.0 453.0 52.0 453.0 97.0 43.0 97.0 
1 2 0.94 0.94 23.0 14.0 23.0 204.0 68.0 204.0 
1 2 0.55 0.55 317.0 36.0 317.0 99.0 44.0 99.0 
1 3 0.73 0.73 317.0 36.0 317.0 99.0 44.0 99.0 221.0 40.0 221.0 
1 2 0.33 0.33 950.0 294.0 950.0 413.0 10.0 413.0 
1 3 0.73 0.73 950.0 294.0 950.0 413.0 10.0 413.0 42.0 17.0 42.0 
1 2 0.66 0.66 823.0 231.0 823.0 119.0 46.0 119.0 
1 3 0.71 0.71 823.0 231.0 823.0 119.0 46.0 119.0 930.0 40.0 930.0 
1 2 0.42 0.42 111.0 8.0 111.0 968.0 342.0 968.0 
1 3 0.56 0.56 111.0 8.0 111.0 968.0 342.0 968.0 696.0 100.0 696.0 
1 4 0.62 0.62 111.0 8.0 111.0 968.0 342.0 968.0 696.0 100.0 696.0 101.0 6.0 101.0 
1 5 0.9 0.9 111.0 8.0 111.0 968.0 342.0 968.0 696.0 100.0 696.0 101.0 6.0 101.0 633.0 176.0 633.0 
1 6 0.97 0.97 111.0 8.0 111.0 968.0 342.0 968.0 696.0 100.0 696.0 101.0 6.0 101.0 633.0 176.0 633.0 598.0 41.0 598.0 
1 2 0.57 0.57 11.0 3.0 11.0 205.0 62.0 205.0 
1 3 0.93 0.93 11.0 3.0 11.0 205.0 62.0 205.0 727.0 260.0 727.0 
1 4 0.99 0.99 11.0 3.0 11.0 205.0 62.0 205.0 727.0 260.0 727.0 461.0 27.0 461.0 
1 2 0.55 0.55 330.0 59.0 330.0 617.0 233.0 617.0 
1 3 0.9 0.9 330.0 59.0 330.0 617.0 233.0 617.0 506.0 177.0 506.0 
1 2 0.92 0.92 556.0 113.0 556.0 359.0 260.0 359.0 
1 2 0.87 0.87 833.0 385.0 833.0 656.0 268.0 656.0 
1 2 0.99 0.99 584.0 69.0 584.0 418.0 368.0 418.0 
1 2 0.1 0.1 315.0 31.0 315.0 770.0 2.0 770.0 
1 3 0.84 0.84 315.0 31.0 315.0 770.0 2.0 770.0 771.0 576.0 771.0 
1 4 0.88 0.88 315.0 31.0 315.0 770.0 2.0 770.0 771.0 576.0 771.0 602.0 21.0 602.0 
1 5 0.98 0.98 315.0 31.0 315.0 770.0 2.0 770.0 771.0 576.0 771.0 602.0 21.0 602.0 349.0 35.0 349.0 
1 2 0.54 0.54 284.0 145.0 284.0 351.0 13.0 351.0 
1 3 0.88 0.88 284.0 145.0 284.0 351.0 13.0 351.0 505.0 171.0 505.0 
1 2 0.34 0.34 25.0 5.0 25.0 663.0 96.0 663.0 
1 3 0.59 0.59 25.0 5.0 25.0 663.0 96.0 663.0 93.0 23.0 93.0 
1 4 0.64 0.64 25.0 5.0 25.0 663.0 96.0 663.0 93.0 23.0 93.0 948.0 48.0 948.0 
1 5 0.98 0.98 25.0 5.0 25.0 663.0 96.0 663.0 93.0 23.0 93.0 948.0 48.0 948.0 262.0 90.0 262.0 
1 2 0.43 0.43 920.0 126.0 920.0 385.0 115.0 385.0 
1 2 0.08 0.08 119.0 8.0 119.0 446.0 10.0 446.0 
1 3 0.2 0.2 119.0 8.0 119.0 446.0 10.0 446.0 566.0 63.0 566.0 
1 4 0.28 0.28 119.0 8.0 119.0 446.0 10.0 446.0 566.0 63.0 566.0 373.0 31.0 373.0 
1 5 0.36 0.36 119.0 8.0 119.0 446.0 10.0 446.0 566.0 63.0 566.0 373.0 31.0 373.0 491.0 42.0 491.0 
1 2 0.74 0.74 641.0 10.0 641.0 946.0 692.0 946.0 
1 2 0.25 0.25 19.0 2.0 19.0 162.0 24.0 162.0 
1 3 0.35 0.35 19.0 2.0 19.0 162.0 24.0 162.0 310.0 31.0 310.0 
1 4 0.86 0.86 19.0 2.0 19.0 162.0 24.0 162.0 310.0 31.0 310.0 76.0 39.0 76.0 
1 2 0.67 0.67 92.0 33.0 92.0 237.0 74.0 237.0 
1 3 0.99 0.99 92.0 33.0 92.0 237.0 74.0 237.0 525.0 171.0 525.0 
1 2 0.65 0.65 78.0 49.0 78.0 601.0 15.0 601.0 
1 2 0.6 0.6 948.0 499.0 948.0 25.0 2.0 25.0 
1 3 0.87 0.87 948.0 499.0 948.0 25.0 2.0 25.0 741.0 201.0 741.0 
1 2 0.37 0.37 921.0 42.0 921.0 798.0 259.0 798.0 
1 3 0.57 0.57 921.0 42.0 921.0 798.0 259.0 798.0 334.0 70.0 334.0 
1 4 0.59 0.59 921.0 42.0 921.0 798.0 259.0 798.0 334.0 70.0 334.0 79.0 1.0 79.0 
1 2 0.31 0.31 507.0 35.0 507.0 468.0 114.0 468.0 
1 3 0.52 0.52 507.0 35.0 507.0 468.0 114.0 468.0 991.0 214.0 991.0 
1 4 0.76 0.76 507.0 35.0 507.0 468.0 114.0 468.0 991.0 214.0 991.0 831.0 197.0 831.0 
1 2 0.75 0.75 509.0 332.0 509.0 81.0 8.0 81.0 
1 3 0.97 0.97 509.0 332.0 509.0 81.0 8.0 81.0 475.0 106.0 475.0 
1 2 0.64 0.64 411.0 190.0 411.0 970.0 180.0 970.0 
1 3 0.94 0.94 411.0 190.0 411.0 970.0 180.0 970.0 850.0 250.0 850.0 
1 2 0.1 0.1 614.0 9.0 614.0 140.0 12.0 140.0 
1 2 0.11 0.11 410.0 34.0 410.0 704.0 26.0 704.0 
1 3 0.49 0.49 410.0 34.0 410.0 704.0 26.0 704.0 82.0 31.0 82.0 
1 4 0.54 0.54 410.0 34.0 410.0 704.0 26.0 704.0 82.0 31.0 82.0 67.0 3.0 67.0 
1 5 0.71 0.71 410.0 34.0 410.0 704.0 26.0 704.0 82.0 31.0 82.0 67.0 3.0 67.0 197.0 33.0 197.0 
1 2 0.53 0.53 668.0 16.0 668.0 416.0 213.0 416.0 
1 3 0.59 0.59 668.0 16.0 668.0 416.0 213.0 416.0 136.0 8.0 136.0 
1 4 0.94 0.94 668.0 16.0 668.0 416.0 213.0 416.0 136.0 8.0 136.0 805.0 284.0 805.0 
1 2 0.6 0.6 215.0 59.0 215.0 704.0 230.0 704.0 
1 3 0.61 0.61 215.0 59.0 215.0 704.0 230.0 704.0 533.0 5.0 533.0 
1 2 0.51 0.51 208.0 23.0 208.0 484.0 196.0 484.0 
1 2 0.06 0.06 351.0 10.0 351.0 823.0 27.0 823.0 
1 3 0.17 0.17 351.0 10.0 351.0 823.0 27.0 823.0 240.0 27.0 240.0 
1 4 0.21 0.21 351.0 10.0 351.0 823.0 27.0 823.0 240.0 27.0 240.0 389.0 17.0 389.0 
1 5 0.53 0.53 351.0 10.0 351.0 823.0 27.0 823.0 240.0 27.0 240.0 389.0 17.0 389.0 481.0 155.0 481.0 
1 6 0.77 0.77 351.0 10.0 351.0 823.0 27.0 823.0 240.0 27.0 240.0 389.0 17.0 389.0 481.0 155.0 481.0 327.0 76.0 327.0 
1 7 0.82 0.82 351.0 10.0 351.0 823.0 27.0 823.0 240.0 27.0 240.0 389.0 17.0 389.0 481.0 155.0 481.0 327.0 76.0 327.0 296.0 15.0 296.0 
1 2 0.4 0.4 503.0 118.0 503.0 428.0 73.0 428.0 
1 3 0.5 0.5 503.0 118.0 503.0 428.0 73.0 428.0 889.0 89.0 889.0 
1 2 0.31 0.31 170.0 5.0 170.0 637.0 182.0 637.0 
1 3 0.57 0.57 170.0 5.0 170.0 637.0 182.0 637.0 241.0 63.0 241.0 
1 2 0.57 0.57 633.0 331.0 633.0 663.0 34.0 663.0 
1 3 0.71 0.71 633.0 331.0 633.0 663.0 34.0 663.0 757.0 110.0 757.0 
1 4 0.84 0.84 633.0 331.0 633.0 663.0 34.0 663.0 757.0 110.0 757.0 426.0 52.0 426.0 
1 2 0.05 0.05 388.0 2.0 388.0 486.0 26.0 486.0 
1 3 0.24 0.24 388.0 2.0 388.0 486.0 26.0 486.0 148.0 27.0 148.0 
1 4 0.31 0.31 388.0 2.0 388.0 486.0 26.0 486.0 148.0 27.0 148.0 422.0 32.0 422.0 
1 5 0.33 0.33 388.0 2.0 388.0 486.0 26.0 486.0 148.0 27.0 148.0 422.0 32.0 422.0 730.0 15.0 730.0 
1 6 0.39 0.39 388.0 2.0 388.0 486.0 26.0 486.0 148.0 27.0 148.0 422.0 32.0 422.0 730.0 15.0 730.0 887.0 49.0 887.0 
1 7 0.81 0.81 388.0 2.0 388.0 486.0 26.0 486.0 148.0 27.0 148.0 422.0 32.0 422.0 730.0 15.0 730.0 887.0 49.0 887.0 788.0 329.0 788.0 
1 8 0.88 0.88 388.0 2.0 388.0 486.0 26.0 486.0 148.0 27.0 148.0 422.0 32.0 422.0 730.0 15.0 730.0 887.0 49.0 887.0 788.0 329.0 788.0 127.0 10.0 127.0 
1 2 0.2 0.2 287.0 34.0 287.0 756.0 62.0 756.0 
1 3 0.2 0.2 287.0 34.0 287.0 756.0 62.0 756.0 942.0 7.0 942.0 
1 4 0.26 0.26 287.0 34.0 287.0 756.0 62.0 756.0 942.0 7.0 942.0 469.0 27.0 469.0 
1 5 0.46 0.46 287.0 34.0 287.0 756.0 62.0 756.0 942.0 7.0 942.0 469.0 27.0 469.0 385.0 78.0 385.0 
1 6 0.56 0.56 287.0 34.0 287.0 756.0 62.0 756.0 942.0 7.0 942.0 469.0 27.0 469.0 385.0 78.0 385.0 622.0 63.0 622.0 
1 7 0.61 0.61 287.0 34.0 287.0 756.0 62.0 756.0 942.0 7.0 942.0 469.0 27.0 469.0 385.0 78.0 385.0 622.0 63.0 622.0 751.0 32.0 751.0 
1 8 0.67 0.67 287.0 34.0 287.0 756.0 62.0 756.0 942.0 7.0 942.0 469.0 27.0 469.0 385.0 78.0 385.0 622.0 63.0 622.0 751.0 32.0 751.0 920.0 61.0 920.0 
1 9 0.78 0.78 287.0 34.0 287.0 756.0 62.0 756.0 942.0 7.0 942.0 469.0 27.0 469.0 385.0 78.0 385.0 622.0 63.0 622.0 751.0 32.0 751.0 920.0 61.0 920.0 954.0 105.0 954.0 
1 10 0.89 0.89 287.0 34.0 287.0 756.0 62.0 756.0 942.0 7.0 942.0 469.0 27.0 469.0 385.0 78.0 385.0 622.0 63.0 622.0 751.0 32.0 751.0 920.0 61.0 920.0 954.0 105.0 954.0 476.0 53.0 476.0 
1 2 0.83 0.83 855.0 29.0 855.0 35.0 28.0 35.0 
1 2 0.54 0.54 428.0 152.0 428.0 898.0 168.0 898.0 
1 3 0.56 0.56 428.0 152.0 428.0 898.0 168.0 898.0 162.0 3.0 162.0 
1 4 0.6 0.6 428.0 152.0 428.0 898.0 168.0 898.0 162.0 3.0 162.0 484.0 23.0 484.0 
1 5 0.87 0.87 428.0 152.0 428.0 898.0 168.0 898.0 162.0 3.0 162.0 484.0 23.0 484.0 713.0 190.0 713.0 
1 6 0.99 0.99 428.0 152.0 428.0 898.0 168.0 898.0 162.0 3.0 162.0 484.0 23.0 484.0 713.0 190.0 713.0 65.0 8.0 65.0 
1 2 0.34 0.34 517.0 93.0 517.0 81.0 13.0 81.0 
1 3 0.48 0.48 517.0 93.0 517.0 81.0 13.0 81.0 124.0 18.0 124.0 
1 2 0.67 0.67 70.0 28.0 70.0 333.0 91.0 333.0 
1 3 0.8 0.8 70.0 28.0 70.0 333.0 91.0 333.0 170.0 23.0 170.0 
1 2 0.1 0.1 225.0 3.0 225.0 276.0 25.0 276.0 
1 2 0.41 0.41 996.0 251.0 996.0 973.0 161.0 973.0 
1 3 0.6 0.6 996.0 251.0 996.0 973.0 161.0 973.0 954.0 183.0 954.0 
1 4 0.98 0.98 996.0 251.0 996.0 973.0 161.0 973.0 954.0 183.0 954.0 533.0 199.0 533.0 
1 5 0.98 0.98 996.0 251.0 996.0 973.0 161.0 973.0 954.0 183.0 954.0 533.0 199.0 533.0 611.0 2.0 611.0 
1 2 0.08 0.08 900.0 55.0 900.0 967.0 22.0 967.0 
1 3 0.82 0.82 900.0 55.0 900.0 967.0 22.0 967.0 649.0 478.0 649.0 
1 2 0.48 0.48 678.0 250.0 678.0 151.0 18.0 151.0 
1 3 0.75 0.75 678.0 250.0 678.0 151.0 18.0 151.0 214.0 58.0 214.0 
1 4 0.97 0.97 678.0 250.0 678.0 151.0 18.0 151.0 214.0 58.0 214.0 667.0 141.0 667.0 
1 5 0.99 0.99 678.0 250.0 678.0 151.0 18.0 151.0 214.0 58.0 214.0 667.0 141.0 667.0 259.0 6.0 259.0 
1 2 0.57 0.57 367.0 128.0 367.0 902.0 202.0 902.0 
1 3 0.88 0.88 367.0 128.0 367.0 902.0 202.0 902.0 588.0 182.0 588.0 
1 2 0.51 0.51 600.0 80.0 600.0 641.0 243.0 641.0 
1 3 0.91 0.91 600.0 80.0 600.0 641.0 243.0 641.0 158.0 63.0 158.0 
1 2 0.29 0.29 830.0 35.0 830.0 506.0 130.0 506.0 
1 3 0.49 0.49 830.0 35.0 830.0 506.0 130.0 506.0 404.0 81.0 404.0 
1 4 0.61 0.61 830.0 35.0 830.0 506.0 130.0 506.0 404.0 81.0 404.0 35.0 4.0 35.0 
1 5 0.88 0.88 830.0 35.0 830.0 506.0 130.0 506.0 404.0 81.0 404.0 35.0 4.0 35.0 633.0 169.0 633.0 
1 6 0.89 0.89 830.0 35.0 830.0 506.0 130.0 506.0 404.0 81.0 404.0 35.0 4.0 35.0 633.0 169.0 633.0 562.0 8.0 562.0 
1 2 0.72 0.72 734.0 499.0 734.0 523.0 26.0 523.0 
1 3 0.89 0.89 734.0 499.0 734.0 523.0 26.0 523.0 653.0 109.0 653.0 
1 2 0.06 0.06 756.0 32.0 756.0 530.0 13.0 530.0 
1 3 0.27 0.27 756.0 32.0 756.0 530.0 13.0 530.0 88.0 18.0 88.0 
1 4 0.45 0.45 756.0 32.0 756.0 530.0 13.0 530.0 88.0 18.0 88.0 123.0 23.0 123.0 
1 5 0.63 0.63 756.0 32.0 756.0 530.0 13.0 530.0 88.0 18.0 88.0 123.0 23.0 123.0 319.0 56.0 319.0 
1 2 0.86 0.86 440.0 270.0 440.0 4.0 1.0 4.0 
1 2 0.41 0.41 167.0 28.0 167.0 4.0 1.0 4.0 
1 3 0.99 0.99 167.0 28.0 167.0 4.0 1.0 4.0 680.0 394.0 680.0 
1 2 0.21 0.21 870.0 44.0 870.0 948.0 154.0 948.0 
1 3 0.89 0.89 870.0 44.0 870.0 948.0 154.0 948.0 783.0 535.0 783.0 
1 2 0.62 0.62 332.0 85.0 332.0 489.0 182.0 489.0 
1 3 0.67 0.67 332.0 85.0 332.0 489.0 182.0 489.0 589.0 28.0 589.0 
1 4 0.7 0.7 332.0 85.0 332.0 489.0 182.0 489.0 589.0 28.0 589.0 281.0 9.0 281.0 
1 5 0.71 0.71 332.0 85.0 332.0 489.0 182.0 489.0 589.0 28.0 589.0 281.0 9.0 281.0 299.0 1.0 299.0 
1 2 0.73 0.73 45.0 30.0 45.0 478.0 32.0 478.0 
1 2 0.5 0.5 656.0 26.0 656.0 682.0 319.0 682.0 
1 3 0.81 0.81 656.0 26.0 656.0 682.0 319.0 682.0 212.0 66.0 212.0 
1 2 0.63 0.63 730.0 89.0 730.0 377.0 192.0 377.0 
1 3 0.94 0.94 730.0 89.0 730.0 377.0 192.0 377.0 554.0 174.0 554.0 
1 2 0.68 0.68 840.0 569.0 840.0 716.0 6.0 716.0 
1 2 0.36 0.36 731.0 64.0 731.0 263.0 74.0 263.0 
1 3 0.44 0.44 731.0 64.0 731.0 263.0 74.0 263.0 688.0 49.0 688.0 
1 4 0.67 0.67 731.0 64.0 731.0 263.0 74.0 263.0 688.0 49.0 688.0 855.0 197.0 855.0 
1 5 0.83 0.83 731.0 64.0 731.0 263.0 74.0 263.0 688.0 49.0 688.0 855.0 197.0 855.0 640.0 108.0 640.0 
1 6 0.85 0.85 731.0 64.0 731.0 263.0 74.0 263.0 688.0 49.0 688.0 855.0 197.0 855.0 640.0 108.0 640.0 158.0 2.0 158.0 
1 7 0.87 0.87 731.0 64.0 731.0 263.0 74.0 263.0 688.0 49.0 688.0 855.0 197.0 855.0 640.0 108.0 640.0 158.0 2.0 158.0 589.0 14.0 589.0 
1 2 0.4 0.4 621.0 234.0 621.0 42.0 1.0 42.0 
1 3 0.48 0.48 621.0 234.0 621.0 42.0 1.0 42.0 271.0 22.0 271.0 
1 4 0.86 0.86 621.0 234.0 621.0 42.0 1.0 42.0 271.0 22.0 271.0 379.0 146.0 379.0 
1 2 0.55 0.55 68.0 20.0 68.0 774.0 201.0 774.0 
1 3 0.6 0.6 68.0 20.0 68.0 774.0 201.0 774.0 273.0 15.0 273.0 
1 2 0.45 0.45 16.0 4.0 16.0 114.0 23.0 114.0 
1 3 0.54 0.54 16.0 4.0 16.0 114.0 23.0 114.0 476.0 45.0 476.0 
1 4 0.79 0.79 16.0 4.0 16.0 114.0 23.0 114.0 476.0 45.0 476.0 598.0 150.0 598.0 
1 5 0.82 0.82 16.0 4.0 16.0 114.0 23.0 114.0 476.0 45.0 476.0 598.0 150.0 598.0 126.0 3.0 126.0 
1 2 0.42 0.42 879.0 67.0 879.0 599.0 207.0 599.0 
1 3 0.68 0.68 879.0 67.0 879.0 599.0 207.0 599.0 915.0 237.0 915.0 
1 4 0.93 0.93 879.0 67.0 879.0 599.0 207.0 599.0 915.0 237.0 915.0 160.0 40.0 160.0 
1 5 0.95 0.95 879.0 67.0 879.0 599.0 207.0 599.0 915.0 237.0 915.0 160.0 40.0 160.0 767.0 19.0 767.0 
1 2 0.93 0.93 928.0 712.0 928.0 232.0 40.0 232.0 
1 2 0.14 0.14 437.0 41.0 437.0 466.0 24.0 466.0 
1 3 0.2 0.2 437.0 41.0 437.0 466.0 24.0 466.0 885.0 57.0 885.0 
1 4 0.54 0.54 437.0 41.0 437.0 466.0 24.0 466.0 885.0 57.0 885.0 250.0 84.0 250.0 
1 5 0.79 0.79 437.0 41.0 437.0 466.0 24.0 466.0 885.0 57.0 885.0 250.0 84.0 250.0 559.0 138.0 559.0 
1 2 0.88 0.88 496.0 343.0 496.0 957.0 186.0 957.0 
1 2 0.38 0.38 259.0 70.0 259.0 201.0 23.0 201.0 
1 2 0.33 0.33 112.0 4.0 112.0 389.0 117.0 389.0 
1 3 0.87 0.87 112.0 4.0 112.0 389.0 117.0 389.0 473.0 257.0 473.0 
1 2 0.46 0.46 231.0 29.0 231.0 523.0 179.0 523.0 
1 3 0.88 0.88 231.0 29.0 231.0 523.0 179.0 523.0 623.0 263.0 623.0 
1 4 0.91 0.91 231.0 29.0 231.0 523.0 179.0 523.0 623.0 263.0 623.0 322.0 8.0 322.0 
1 2 0.21 0.21 45.0 3.0 45.0 768.0 117.0 768.0 
1 3 0.74 0.74 45.0 3.0 45.0 768.0 117.0 768.0 17.0 9.0 17.0 
1 4 0.8 0.8 45.0 3.0 45.0 768.0 117.0 768.0 17.0 9.0 17.0 214.0 12.0 214.0 
1 2 0.61 0.61 624.0 263.0 624.0 783.0 149.0 783.0 
1 2 0.76 0.76 155.0 42.0 155.0 587.0 290.0 587.0 
1 2 0.98 0.98 6.0 2.0 6.0 586.0 379.0 586.0 
1 2 0.55 0.55 664.0 23.0 664.0 255.0 132.0 255.0 
1 3 0.62 0.62 664.0 23.0 664.0 255.0 132.0 255.0 347.0 26.0 347.0 
1 4 0.69 0.69 664.0 23.0 664.0 255.0 132.0 255.0 347.0 26.0 347.0 667.0 44.0 667.0 
1 2 0.62 0.62 280.0 153.0 280.0 37.0 3.0 37.0 
1 3 0.68 0.68 280.0 153.0 280.0 37.0 3.0 37.0 589.0 36.0 589.0 
1 4 0.7 0.7 280.0 153.0 280.0 37.0 3.0 37.0 589.0 36.0 589.0 170.0 3.0 170.0 
1 2 0.32 0.32 342.0 89.0 342.0 568.0 38.0 568.0 
1 2 0.3 0.3 556.0 156.0 556.0 762.0 21.0 762.0 
1 3 0.45 0.45 556.0 156.0 556.0 762.0 21.0 762.0 596.0 85.0 596.0 
1 4 0.46 0.46 556.0 156.0 556.0 762.0 21.0 762.0 596.0 85.0 596.0 234.0 4.0 234.0 
1 2 0.93 0.93 745.0 673.0 745.0 510.0 16.0 510.0 
1 2 0.38 0.38 953.0 37.0 953.0 157.0 54.0 157.0 
1 3 0.57 0.57 953.0 37.0 953.0 157.0 54.0 157.0 899.0 170.0 899.0 
1 4 0.98 0.98 953.0 37.0 953.0 157.0 54.0 157.0 899.0 170.0 899.0 416.0 172.0 416.0 
1 2 0.1 0.1 561.0 35.0 561.0 714.0 31.0 714.0 
1 3 0.24 0.24 561.0 35.0 561.0 714.0 31.0 714.0 100.0 14.0 100.0 
1 4 0.88 0.88 561.0 35.0 561.0 714.0 31.0 714.0 100.0 14.0 100.0 927.0 593.0 927.0 
1 2 0.49 0.49 647.0 42.0 647.0 355.0 151.0 355.0 
1 2 0.46 0.46 481.0 154.0 481.0 898.0 128.0 898.0 
1 2 0.08 0.08 517.0 39.0 517.0 179.0 2.0 179.0 
1 3 0.3 0.3 517.0 39.0 517.0 179.0 2.0 179.0 688.0 153.0 688.0 
1 4 0.92 0.92 517.0 39.0 517.0 179.0 2.0 179.0 688.0 153.0 688.0 13.0 8.0 13.0 
1 2 0.85 0.85 668.0 473.0 668.0 389.0 57.0 389.0 
1 3 0.96 0.96 668.0 473.0 668.0 389.0 57.0 389.0 175.0 19.0 175.0 
1 2 0.5 0.5 632.0 151.0 632.0 935.0 248.0 935.0 
1 3 0.84 0.84 632.0 151.0 632.0 935.0 248.0 935.0 282.0 97.0 282.0 
1 2 0.74 0.74 629.0 81.0 629.0 339.0 210.0 339.0 
1 2 0.52 0.52 779.0 49.0 779.0 409.0 191.0 409.0 
1 3 0.57 0.57 779.0 49.0 779.0 409.0 191.0 409.0 902.0 40.0 902.0 
1 2 0.43 0.43 588.0 208.0 588.0 910.0 74.0 910.0 
1 3 0.6 0.6 588.0 208.0 588.0 910.0 74.0 910.0 804.0 135.0 804.0 
1 4 0.69 0.69 588.0 208.0 588.0 910.0 74.0 910.0 804.0 135.0 804.0 218.0 20.0 218.0 
1 2 0.44 0.44 396.0 165.0 396.0 406.0 10.0 406.0 
1 3 0.59 0.59 396.0 165.0 396.0 406.0 10.0 406.0 365.0 55.0 365.0 
1 4 0.66 0.66 396.0 165.0 396.0 406.0 10.0 406.0 365.0 55.0 365.0 883.0 64.0 883.0 
1 2 0.31 0.31 309.0 29.0 309.0 608.0 136.0 608.0 
1 3 0.33 0.33 309.0 29.0 309.0 608.0 136.0 608.0 913.0 20.0 913.0 
1 4 0.54 0.54 309.0 29.0 309.0 608.0 136.0 608.0 913.0 20.0 913.0 699.0 147.0 699.0 
1 2 0.48 0.48 151.0 72.0 151.0 534.0 2.0 534.0 
1 2 0.74 0.74 365.0 147.0 365.0 692.0 238.0 692.0 
1 3 0.81 0.81 365.0 147.0 365.0 692.0 238.0 692.0 331.0 23.0 331.0 
1 2 0.24 0.24 633.0 83.0 633.0 387.0 44.0 387.0 
1 3 0.34 0.34 633.0 83.0 633.0 387.0 44.0 387.0 364.0 37.0 364.0 
1 4 0.67 0.67 633.0 83.0 633.0 387.0 44.0 387.0 364.0 37.0 364.0 104.0 34.0 104.0 
1 2 0.42 0.42 489.0 121.0 489.0 481.0 87.0 481.0 
1 3 0.51 0.51 489.0 121.0 489.0 481.0 87.0 481.0 849.0 77.0 849.0 
1 4 0.69 0.69 489.0 121.0 489.0 481.0 87.0 481.0 849.0 77.0 849.0 153.0 27.0 153.0 
1 2 0.44 0.44 497.0 163.0 497.0 726.0 82.0 726.0 
1 3 0.53 0.53 497.0 163.0 497.0 726.0 82.0 726.0 808.0 76.0 808.0 
1 4 0.84 0.84 497.0 163.0 497.0 726.0 82.0 726.0 808.0 76.0 808.0 291.0 89.0 291.0 
1 2 0.76 0.76 778.0 400.0 778.0 332.0 83.0 332.0 
1 3 0.97 0.97 778.0 400.0 778.0 332.0 83.0 332.0 902.0 188.0 902.0 
1 2 0.35 0.35 883.0 195.0 883.0 426.0 57.0 426.0 
1 3 0.45 0.45 883.0 195.0 883.0 426.0 57.0 426.0 295.0 29.0 295.0 
1 4 0.77 0.77 883.0 195.0 883.0 426.0 57.0 426.0 295.0 29.0 295.0 41.0 13.0 41.0 
1 2 0.68 0.68 535.0 43.0 535.0 28.0 17.0 28.0 
1 3 0.93 0.93 535.0 43.0 535.0 28.0 17.0 28.0 534.0 132.0 534.0 
1 2 0.6 0.6 942.0 1.0 942.0 756.0 456.0 756.0 
1 3 0.9 0.9 942.0 1.0 942.0 756.0 456.0 756.0 197.0 60.0 197.0 
1 2 0.44 0.44 879.0 236.0 879.0 534.0 96.0 534.0 
1 3 0.53 0.53 879.0 236.0 879.0 534.0 96.0 534.0 322.0 27.0 322.0 
1 4 0.76 0.76 879.0 236.0 879.0 534.0 96.0 534.0 322.0 27.0 322.0 707.0 162.0 707.0 
1 5 0.9 0.9 879.0 236.0 879.0 534.0 96.0 534.0 322.0 27.0 322.0 707.0 162.0 707.0 7.0 1.0 7.0 
1 2 0.51 0.51 524.0 220.0 524.0 743.0 67.0 743.0 
1 3 0.54 0.54 524.0 220.0 524.0 743.0 67.0 743.0 212.0 8.0 212.0 
1 2 0.34 0.34 142.0 13.0 142.0 48.0 12.0 48.0 
1 3 0.43 0.43 142.0 13.0 142.0 48.0 12.0 48.0 55.0 5.0 55.0 
1 4 0.59 0.59 142.0 13.0 142.0 48.0 12.0 48.0 55.0 5.0 55.0 132.0 22.0 132.0 
1 5 0.66 0.66 142.0 13.0 142.0 48.0 12.0 48.0 55.0 5.0 55.0 132.0 22.0 132.0 850.0 53.0 850.0 
1 2 0.36 0.36 456.0 118.0 456.0 804.0 89.0 804.0 
1 3 0.76 0.76 456.0 118.0 456.0 804.0 89.0 804.0 255.0 101.0 255.0 
