1 2 0.58 0.58 470.0 247.0 470.0 130.0 8.0 130.0 
1 3 0.6 0.6 470.0 247.0 470.0 130.0 8.0 130.0 548.0 9.0 548.0 
1 4 0.78 0.78 470.0 247.0 470.0 130.0 8.0 130.0 548.0 9.0 548.0 808.0 150.0 808.0 
1 5 0.84 0.84 470.0 247.0 470.0 130.0 8.0 130.0 548.0 9.0 548.0 808.0 150.0 808.0 387.0 21.0 387.0 
1 2 0.88 0.88 658.0 508.0 658.0 591.0 67.0 591.0 
1 2 0.74 0.74 595.0 257.0 595.0 551.0 174.0 551.0 
1 2 0.74 0.74 289.0 74.0 289.0 394.0 193.0 394.0 
1 2 0.29 0.29 303.0 74.0 303.0 42.0 2.0 42.0 
1 3 0.32 0.32 303.0 74.0 303.0 42.0 2.0 42.0 32.0 1.0 32.0 
1 2 0.48 0.48 735.0 218.0 735.0 730.0 140.0 730.0 
1 3 0.78 0.78 735.0 218.0 735.0 730.0 140.0 730.0 676.0 200.0 676.0 
1 4 0.88 0.88 735.0 218.0 735.0 730.0 140.0 730.0 676.0 200.0 676.0 355.0 36.0 355.0 
1 2 0.67 0.67 771.0 377.0 771.0 790.0 147.0 790.0 
1 3 0.76 0.76 771.0 377.0 771.0 790.0 147.0 790.0 426.0 37.0 426.0 
1 2 0.55 0.55 476.0 78.0 476.0 134.0 53.0 134.0 
1 3 0.77 0.77 476.0 78.0 476.0 134.0 53.0 134.0 597.0 128.0 597.0 
1 2 0.48 0.48 639.0 181.0 639.0 73.0 15.0 73.0 
1 3 0.67 0.67 639.0 181.0 639.0 73.0 15.0 73.0 840.0 155.0 840.0 
1 2 0.47 0.47 401.0 20.0 401.0 147.0 63.0 147.0 
1 3 0.66 0.66 401.0 20.0 401.0 147.0 63.0 147.0 441.0 83.0 441.0 
1 2 0.42 0.42 954.0 331.0 954.0 798.0 66.0 798.0 
1 3 0.89 0.89 954.0 331.0 954.0 798.0 66.0 798.0 645.0 302.0 645.0 
1 2 0.93 0.93 898.0 589.0 898.0 929.0 260.0 929.0 
1 2 0.41 0.41 462.0 187.0 462.0 71.0 1.0 71.0 
1 3 0.74 0.74 462.0 187.0 462.0 71.0 1.0 71.0 638.0 207.0 638.0 
1 2 0.73 0.73 148.0 101.0 148.0 308.0 17.0 308.0 
1 3 0.96 0.96 148.0 101.0 148.0 308.0 17.0 308.0 848.0 192.0 848.0 
1 4 0.97 0.97 148.0 101.0 148.0 308.0 17.0 308.0 848.0 192.0 848.0 92.0 1.0 92.0 
1 2 0.74 0.74 426.0 131.0 426.0 736.0 320.0 736.0 
1 2 0.78 0.78 645.0 304.0 645.0 679.0 216.0 679.0 
1 2 0.13 0.13 351.0 15.0 351.0 972.0 93.0 972.0 
1 3 0.63 0.63 351.0 15.0 351.0 972.0 93.0 972.0 2.0 1.0 2.0 
1 4 0.75 0.75 351.0 15.0 351.0 972.0 93.0 972.0 2.0 1.0 2.0 357.0 42.0 357.0 
1 2 0.32 0.32 650.0 74.0 650.0 771.0 162.0 771.0 
1 2 0.23 0.23 939.0 72.0 939.0 278.0 44.0 278.0 
1 2 0.33 0.33 952.0 292.0 952.0 67.0 2.0 67.0 
1 3 0.85 0.85 952.0 292.0 952.0 67.0 2.0 67.0 185.0 95.0 185.0 
1 2 0.82 0.82 230.0 21.0 230.0 710.0 518.0 710.0 
1 2 0.52 0.52 333.0 68.0 333.0 849.0 270.0 849.0 
1 3 0.63 0.63 333.0 68.0 333.0 849.0 270.0 849.0 651.0 75.0 651.0 
1 4 0.71 0.71 333.0 68.0 333.0 849.0 270.0 849.0 651.0 75.0 651.0 590.0 43.0 590.0 
1 2 0.58 0.58 916.0 65.0 916.0 196.0 101.0 196.0 
1 3 0.65 0.65 916.0 65.0 916.0 196.0 101.0 196.0 183.0 12.0 183.0 
1 4 0.74 0.74 916.0 65.0 916.0 196.0 101.0 196.0 183.0 12.0 183.0 561.0 55.0 561.0 
1 5 0.8 0.8 916.0 65.0 916.0 196.0 101.0 196.0 183.0 12.0 183.0 561.0 55.0 561.0 410.0 24.0 410.0 
1 6 0.85 0.85 916.0 65.0 916.0 196.0 101.0 196.0 183.0 12.0 183.0 561.0 55.0 561.0 410.0 24.0 410.0 175.0 8.0 175.0 
1 7 0.93 0.93 916.0 65.0 916.0 196.0 101.0 196.0 183.0 12.0 183.0 561.0 55.0 561.0 410.0 24.0 410.0 175.0 8.0 175.0 449.0 35.0 449.0 
1 2 0.72 0.72 562.0 169.0 562.0 884.0 372.0 884.0 
1 3 0.84 0.84 562.0 169.0 562.0 884.0 372.0 884.0 8.0 1.0 8.0 
1 2 0.88 0.88 329.0 195.0 329.0 480.0 142.0 480.0 
1 3 0.92 0.92 329.0 195.0 329.0 480.0 142.0 480.0 950.0 32.0 950.0 
1 2 0.32 0.32 507.0 126.0 507.0 637.0 51.0 637.0 
1 3 0.44 0.44 507.0 126.0 507.0 637.0 51.0 637.0 104.0 12.0 104.0 
1 4 0.9 0.9 507.0 126.0 507.0 637.0 51.0 637.0 104.0 12.0 104.0 468.0 218.0 468.0 
1 2 0.44 0.44 9.0 2.0 9.0 98.0 22.0 98.0 
1 3 0.65 0.65 9.0 2.0 9.0 98.0 22.0 98.0 418.0 86.0 418.0 
1 2 0.6 0.6 991.0 191.0 991.0 834.0 343.0 834.0 
1 2 0.62 0.62 557.0 177.0 557.0 36.0 11.0 36.0 
1 2 0.79 0.79 630.0 50.0 630.0 891.0 635.0 891.0 
1 2 0.14 0.14 211.0 12.0 211.0 136.0 12.0 136.0 
1 2 0.39 0.39 118.0 9.0 118.0 591.0 190.0 591.0 
1 3 0.93 0.93 118.0 9.0 118.0 591.0 190.0 591.0 805.0 429.0 805.0 
1 2 0.42 0.42 347.0 44.0 347.0 275.0 82.0 275.0 
1 3 0.76 0.76 347.0 44.0 347.0 275.0 82.0 275.0 371.0 126.0 371.0 
1 2 0.4 0.4 516.0 193.0 516.0 897.0 31.0 897.0 
1 2 0.49 0.49 935.0 284.0 935.0 504.0 96.0 504.0 
1 3 0.67 0.67 935.0 284.0 935.0 504.0 96.0 504.0 777.0 137.0 777.0 
1 4 0.77 0.77 935.0 284.0 935.0 504.0 96.0 504.0 777.0 137.0 777.0 740.0 81.0 740.0 
1 2 0.63 0.63 263.0 5.0 263.0 811.0 500.0 811.0 
1 3 0.72 0.72 263.0 5.0 263.0 811.0 500.0 811.0 387.0 36.0 387.0 
1 2 0.51 0.51 844.0 32.0 844.0 556.0 266.0 556.0 
1 3 0.71 0.71 844.0 32.0 844.0 556.0 266.0 556.0 162.0 32.0 162.0 
1 4 0.81 0.81 844.0 32.0 844.0 556.0 266.0 556.0 162.0 32.0 162.0 630.0 63.0 630.0 
1 5 0.85 0.85 844.0 32.0 844.0 556.0 266.0 556.0 162.0 32.0 162.0 630.0 63.0 630.0 684.0 31.0 684.0 
1 2 0.72 0.72 928.0 14.0 928.0 515.0 365.0 515.0 
1 2 0.62 0.62 728.0 32.0 728.0 671.0 389.0 671.0 
1 3 0.99 0.99 728.0 32.0 728.0 671.0 389.0 671.0 330.0 122.0 330.0 
1 2 0.56 0.56 7.0 3.0 7.0 752.0 101.0 752.0 
1 3 0.8 0.8 7.0 3.0 7.0 752.0 101.0 752.0 668.0 163.0 668.0 
1 4 0.86 0.86 7.0 3.0 7.0 752.0 101.0 752.0 668.0 163.0 668.0 367.0 23.0 367.0 
1 2 0.33 0.33 141.0 22.0 141.0 887.0 155.0 887.0 
1 3 0.46 0.46 141.0 22.0 141.0 887.0 155.0 887.0 473.0 62.0 473.0 
1 4 0.51 0.51 141.0 22.0 141.0 887.0 155.0 887.0 473.0 62.0 473.0 965.0 53.0 965.0 
1 2 0.03 0.03 217.0 3.0 217.0 80.0 2.0 80.0 
1 3 0.06 0.06 217.0 3.0 217.0 80.0 2.0 80.0 599.0 18.0 599.0 
1 4 0.16 0.16 217.0 3.0 217.0 80.0 2.0 80.0 599.0 18.0 599.0 331.0 33.0 331.0 
1 5 0.43 0.43 217.0 3.0 217.0 80.0 2.0 80.0 599.0 18.0 599.0 331.0 33.0 331.0 216.0 58.0 216.0 
1 6 0.93 0.93 217.0 3.0 217.0 80.0 2.0 80.0 599.0 18.0 599.0 331.0 33.0 331.0 216.0 58.0 216.0 582.0 287.0 582.0 
1 2 0.99 0.99 13.0 5.0 13.0 389.0 238.0 389.0 
1 2 0.25 0.25 514.0 108.0 514.0 921.0 43.0 921.0 
1 3 0.37 0.37 514.0 108.0 514.0 921.0 43.0 921.0 412.0 49.0 412.0 
1 4 0.41 0.41 514.0 108.0 514.0 921.0 43.0 921.0 412.0 49.0 412.0 342.0 13.0 342.0 
1 2 0.47 0.47 664.0 222.0 664.0 394.0 57.0 394.0 
1 3 0.57 0.57 664.0 222.0 664.0 394.0 57.0 394.0 627.0 62.0 627.0 
1 4 0.92 0.92 664.0 222.0 664.0 394.0 57.0 394.0 627.0 62.0 627.0 122.0 42.0 122.0 
1 2 0.68 0.68 277.0 175.0 277.0 941.0 50.0 941.0 
1 2 0.61 0.61 577.0 51.0 577.0 110.0 58.0 110.0 
1 2 0.49 0.49 946.0 398.0 946.0 437.0 32.0 437.0 
1 3 0.58 0.58 946.0 398.0 946.0 437.0 32.0 437.0 743.0 70.0 743.0 
1 2 0.32 0.32 643.0 154.0 643.0 665.0 57.0 665.0 
1 3 0.92 0.92 643.0 154.0 643.0 665.0 57.0 665.0 663.0 399.0 663.0 
1 2 0.46 0.46 851.0 145.0 851.0 539.0 161.0 539.0 
1 3 0.84 0.84 851.0 145.0 851.0 539.0 161.0 539.0 256.0 96.0 256.0 
1 2 0.47 0.47 221.0 7.0 221.0 674.0 296.0 674.0 
1 3 0.58 0.58 221.0 7.0 221.0 674.0 296.0 674.0 564.0 62.0 564.0 
1 2 0.77 0.77 688.0 361.0 688.0 274.0 68.0 274.0 
1 3 0.88 0.88 688.0 361.0 688.0 274.0 68.0 274.0 421.0 49.0 421.0 
1 4 0.99 0.99 688.0 361.0 688.0 274.0 68.0 274.0 421.0 49.0 421.0 936.0 98.0 936.0 
1 2 0.86 0.86 841.0 166.0 841.0 949.0 632.0 949.0 
1 2 0.04 0.04 63.0 1.0 63.0 912.0 23.0 912.0 
1 3 0.35 0.35 63.0 1.0 63.0 912.0 23.0 912.0 545.0 171.0 545.0 
1 4 0.44 0.44 63.0 1.0 63.0 912.0 23.0 912.0 545.0 171.0 545.0 43.0 4.0 43.0 
1 5 0.89 0.89 63.0 1.0 63.0 912.0 23.0 912.0 545.0 171.0 545.0 43.0 4.0 43.0 47.0 21.0 47.0 
1 2 0.62 0.62 72.0 19.0 72.0 198.0 72.0 198.0 
1 2 0.45 0.45 886.0 366.0 886.0 287.0 13.0 287.0 
1 3 0.52 0.52 886.0 366.0 886.0 287.0 13.0 287.0 142.0 9.0 142.0 
1 4 0.63 0.63 886.0 366.0 886.0 287.0 13.0 287.0 142.0 9.0 142.0 849.0 95.0 849.0 
1 5 0.91 0.91 886.0 366.0 886.0 287.0 13.0 287.0 142.0 9.0 142.0 849.0 95.0 849.0 314.0 87.0 314.0 
1 2 0.34 0.34 597.0 27.0 597.0 303.0 91.0 303.0 
1 3 0.4 0.4 597.0 27.0 597.0 303.0 91.0 303.0 558.0 32.0 558.0 
1 4 0.73 0.73 597.0 27.0 597.0 303.0 91.0 303.0 558.0 32.0 558.0 954.0 313.0 954.0 
1 2 0.8 0.8 714.0 452.0 714.0 914.0 157.0 914.0 
1 2 0.47 0.47 795.0 142.0 795.0 913.0 269.0 913.0 
1 2 0.36 0.36 709.0 210.0 709.0 759.0 54.0 759.0 
1 3 0.89 0.89 709.0 210.0 709.0 759.0 54.0 759.0 173.0 92.0 173.0 
1 2 0.49 0.49 765.0 72.0 765.0 671.0 266.0 671.0 
1 3 0.51 0.51 765.0 72.0 765.0 671.0 266.0 671.0 788.0 18.0 788.0 
1 2 0.13 0.13 653.0 3.0 653.0 866.0 116.0 866.0 
1 3 0.51 0.51 653.0 3.0 653.0 866.0 116.0 866.0 912.0 347.0 912.0 
1 2 0.82 0.82 341.0 225.0 341.0 452.0 75.0 452.0 
1 2 0.97 0.97 397.0 277.0 397.0 426.0 116.0 426.0 
1 2 0.46 0.46 532.0 11.0 532.0 264.0 118.0 264.0 
1 2 0.07 0.07 590.0 16.0 590.0 455.0 21.0 455.0 
1 3 0.21 0.21 590.0 16.0 590.0 455.0 21.0 455.0 827.0 115.0 827.0 
1 2 0.77 0.77 656.0 382.0 656.0 566.0 111.0 566.0 
1 3 0.93 0.93 656.0 382.0 656.0 566.0 111.0 566.0 761.0 120.0 761.0 
1 2 0.66 0.66 21.0 1.0 21.0 550.0 340.0 550.0 
1 3 0.92 0.92 21.0 1.0 21.0 550.0 340.0 550.0 471.0 123.0 471.0 
1 2 0.22 0.22 680.0 135.0 680.0 764.0 21.0 764.0 
1 3 0.53 0.53 680.0 135.0 680.0 764.0 21.0 764.0 558.0 174.0 558.0 
1 4 0.69 0.69 680.0 135.0 680.0 764.0 21.0 764.0 558.0 174.0 558.0 599.0 94.0 599.0 
1 2 0.52 0.52 821.0 274.0 821.0 150.0 28.0 150.0 
1 3 0.88 0.88 821.0 274.0 821.0 150.0 28.0 150.0 372.0 134.0 372.0 
1 2 0.85 0.85 450.0 68.0 450.0 736.0 520.0 736.0 
1 2 0.57 0.57 455.0 168.0 455.0 171.0 35.0 171.0 
1 3 0.62 0.62 455.0 168.0 455.0 171.0 35.0 171.0 654.0 36.0 654.0 
1 2 0.92 0.92 274.0 199.0 274.0 437.0 86.0 437.0 
1 3 0.97 0.97 274.0 199.0 274.0 437.0 86.0 437.0 187.0 10.0 187.0 
1 2 0.73 0.73 217.0 37.0 217.0 933.0 526.0 933.0 
1 3 0.84 0.84 217.0 37.0 217.0 933.0 526.0 933.0 654.0 73.0 654.0 
1 2 0.31 0.31 289.0 32.0 289.0 185.0 37.0 185.0 
1 3 0.44 0.44 289.0 32.0 289.0 185.0 37.0 185.0 607.0 83.0 607.0 
1 4 0.69 0.69 289.0 32.0 289.0 185.0 37.0 185.0 607.0 83.0 607.0 509.0 124.0 509.0 
1 5 0.87 0.87 289.0 32.0 289.0 185.0 37.0 185.0 607.0 83.0 607.0 509.0 124.0 509.0 608.0 113.0 608.0 
1 2 0.11 0.11 482.0 5.0 482.0 743.0 75.0 743.0 
1 3 0.53 0.53 482.0 5.0 482.0 743.0 75.0 743.0 809.0 346.0 809.0 
1 4 0.87 0.87 482.0 5.0 482.0 743.0 75.0 743.0 809.0 346.0 809.0 303.0 101.0 303.0 
1 5 0.92 0.92 482.0 5.0 482.0 743.0 75.0 743.0 809.0 346.0 809.0 303.0 101.0 303.0 585.0 29.0 585.0 
1 2 0.47 0.47 952.0 120.0 952.0 110.0 38.0 110.0 
1 3 0.47 0.47 952.0 120.0 952.0 110.0 38.0 110.0 674.0 1.0 674.0 
1 4 0.97 0.97 952.0 120.0 952.0 110.0 38.0 110.0 674.0 1.0 674.0 2.0 1.0 2.0 
1 2 0.07 0.07 922.0 24.0 922.0 373.0 17.0 373.0 
1 3 0.44 0.44 922.0 24.0 922.0 373.0 17.0 373.0 54.0 20.0 54.0 
1 4 0.66 0.66 922.0 24.0 922.0 373.0 17.0 373.0 54.0 20.0 54.0 431.0 97.0 431.0 
1 5 0.72 0.72 922.0 24.0 922.0 373.0 17.0 373.0 54.0 20.0 54.0 431.0 97.0 431.0 445.0 28.0 445.0 
1 6 0.97 0.97 922.0 24.0 922.0 373.0 17.0 373.0 54.0 20.0 54.0 431.0 97.0 431.0 445.0 28.0 445.0 257.0 63.0 257.0 
1 7 0.99 0.99 922.0 24.0 922.0 373.0 17.0 373.0 54.0 20.0 54.0 431.0 97.0 431.0 445.0 28.0 445.0 257.0 63.0 257.0 617.0 12.0 617.0 
1 2 0.67 0.67 788.0 495.0 788.0 143.0 6.0 143.0 
1 2 0.55 0.55 113.0 22.0 113.0 78.0 28.0 78.0 
1 3 0.73 0.73 113.0 22.0 113.0 78.0 28.0 78.0 479.0 88.0 479.0 
1 4 0.76 0.76 113.0 22.0 113.0 78.0 28.0 78.0 479.0 88.0 479.0 206.0 6.0 206.0 
1 2 0.59 0.59 978.0 307.0 978.0 969.0 274.0 969.0 
1 3 0.63 0.63 978.0 307.0 978.0 969.0 274.0 969.0 683.0 29.0 683.0 
1 4 0.71 0.71 978.0 307.0 978.0 969.0 274.0 969.0 683.0 29.0 683.0 145.0 11.0 145.0 
1 2 0.51 0.51 758.0 233.0 758.0 403.0 82.0 403.0 
1 2 0.18 0.18 469.0 57.0 469.0 842.0 53.0 842.0 
1 3 0.19 0.19 469.0 57.0 469.0 842.0 53.0 842.0 763.0 10.0 763.0 
1 4 0.94 0.94 469.0 57.0 469.0 842.0 53.0 842.0 763.0 10.0 763.0 564.0 421.0 564.0 
1 2 0.42 0.42 669.0 127.0 669.0 378.0 88.0 378.0 
1 3 0.63 0.63 669.0 127.0 669.0 378.0 88.0 378.0 849.0 183.0 849.0 
1 4 0.95 0.95 669.0 127.0 669.0 378.0 88.0 378.0 849.0 183.0 849.0 150.0 47.0 150.0 
1 2 0.25 0.25 346.0 3.0 346.0 763.0 191.0 763.0 
1 2 0.55 0.55 525.0 230.0 525.0 837.0 101.0 837.0 
1 3 0.97 0.97 525.0 230.0 525.0 837.0 101.0 837.0 359.0 148.0 359.0 
1 2 0.63 0.63 212.0 42.0 212.0 642.0 282.0 642.0 
1 3 0.81 0.81 212.0 42.0 212.0 642.0 282.0 642.0 294.0 53.0 294.0 
1 4 0.97 0.97 212.0 42.0 212.0 642.0 282.0 642.0 294.0 53.0 294.0 407.0 63.0 407.0 
1 2 0.93 0.93 469.0 197.0 469.0 168.0 87.0 168.0 
1 2 0.36 0.36 754.0 209.0 754.0 33.0 3.0 33.0 
1 3 0.62 0.62 754.0 209.0 754.0 33.0 3.0 33.0 222.0 56.0 222.0 
1 2 0.61 0.61 645.0 174.0 645.0 769.0 263.0 769.0 
1 2 0.67 0.67 575.0 248.0 575.0 423.0 103.0 423.0 
1 3 0.73 0.73 575.0 248.0 575.0 423.0 103.0 423.0 874.0 54.0 874.0 
1 2 0.97 0.97 562.0 340.0 562.0 954.0 349.0 954.0 
1 2 0.33 0.33 35.0 3.0 35.0 532.0 130.0 532.0 
1 2 0.77 0.77 581.0 178.0 581.0 212.0 99.0 212.0 
1 2 0.86 0.86 358.0 212.0 358.0 436.0 118.0 436.0 
1 2 0.42 0.42 605.0 178.0 605.0 950.0 127.0 950.0 
1 3 0.9 0.9 605.0 178.0 605.0 950.0 127.0 950.0 880.0 419.0 880.0 
1 4 0.92 0.92 605.0 178.0 605.0 950.0 127.0 950.0 880.0 419.0 880.0 791.0 16.0 791.0 
1 2 0.73 0.73 455.0 121.0 455.0 408.0 193.0 408.0 
1 2 0.65 0.65 93.0 34.0 93.0 7.0 2.0 7.0 
1 2 0.84 0.84 858.0 502.0 858.0 936.0 241.0 936.0 
1 2 0.52 0.52 183.0 65.0 183.0 328.0 56.0 328.0 
1 2 0.53 0.53 161.0 65.0 161.0 450.0 58.0 450.0 
1 2 0.78 0.78 535.0 336.0 535.0 706.0 114.0 706.0 
1 2 0.46 0.46 655.0 146.0 655.0 222.0 54.0 222.0 
1 3 0.69 0.69 655.0 146.0 655.0 222.0 54.0 222.0 680.0 155.0 680.0 
1 2 0.53 0.53 461.0 62.0 461.0 750.0 297.0 750.0 
1 2 0.78 0.78 235.0 26.0 235.0 914.0 614.0 914.0 
1 2 0.57 0.57 588.0 118.0 588.0 277.0 105.0 277.0 
1 2 0.58 0.58 976.0 162.0 976.0 113.0 47.0 113.0 
1 3 0.64 0.64 976.0 162.0 976.0 113.0 47.0 113.0 61.0 4.0 61.0 
1 2 0.51 0.51 833.0 87.0 833.0 322.0 133.0 322.0 
1 3 0.73 0.73 833.0 87.0 833.0 322.0 133.0 322.0 602.0 133.0 602.0 
1 4 0.92 0.92 833.0 87.0 833.0 322.0 133.0 322.0 602.0 133.0 602.0 674.0 127.0 674.0 
1 2 0.9 0.9 756.0 75.0 756.0 153.0 123.0 153.0 
1 2 0.47 0.47 378.0 25.0 378.0 1000.0 412.0 1000.0 
1 3 0.66 0.66 378.0 25.0 378.0 1000.0 412.0 1000.0 308.0 59.0 308.0 
1 2 0.64 0.64 722.0 355.0 722.0 720.0 109.0 720.0 
1 3 0.8 0.8 722.0 355.0 722.0 720.0 109.0 720.0 917.0 152.0 917.0 
1 4 0.9 0.9 722.0 355.0 722.0 720.0 109.0 720.0 917.0 152.0 917.0 41.0 4.0 41.0 
1 5 0.99 0.99 722.0 355.0 722.0 720.0 109.0 720.0 917.0 152.0 917.0 41.0 4.0 41.0 219.0 19.0 219.0 
1 2 0.12 0.12 239.0 2.0 239.0 271.0 31.0 271.0 
1 3 0.19 0.19 239.0 2.0 239.0 271.0 31.0 271.0 340.0 24.0 340.0 
1 4 0.63 0.63 239.0 2.0 239.0 271.0 31.0 271.0 340.0 24.0 340.0 316.0 140.0 316.0 
1 2 0.7 0.7 134.0 19.0 134.0 578.0 323.0 578.0 
1 2 0.61 0.61 684.0 344.0 684.0 87.0 10.0 87.0 
1 3 0.82 0.82 684.0 344.0 684.0 87.0 10.0 87.0 998.0 209.0 998.0 
1 2 0.93 0.93 555.0 273.0 555.0 908.0 403.0 908.0 
1 2 0.12 0.12 167.0 17.0 167.0 900.0 19.0 900.0 
1 3 0.62 0.62 167.0 17.0 167.0 900.0 19.0 900.0 709.0 359.0 709.0 
1 2 0.67 0.67 339.0 90.0 339.0 837.0 343.0 837.0 
1 3 0.83 0.83 339.0 90.0 339.0 837.0 343.0 837.0 919.0 147.0 919.0 
1 2 0.24 0.24 51.0 9.0 51.0 594.0 40.0 594.0 
1 3 0.84 0.84 51.0 9.0 51.0 594.0 40.0 594.0 921.0 556.0 921.0 
1 2 0.4 0.4 969.0 382.0 969.0 449.0 4.0 449.0 
1 3 0.77 0.77 969.0 382.0 969.0 449.0 4.0 449.0 693.0 260.0 693.0 
1 2 0.19 0.19 332.0 31.0 332.0 994.0 104.0 994.0 
1 3 0.39 0.39 332.0 31.0 332.0 994.0 104.0 994.0 786.0 158.0 786.0 
1 4 0.56 0.56 332.0 31.0 332.0 994.0 104.0 994.0 786.0 158.0 786.0 234.0 38.0 234.0 
1 2 0.45 0.45 472.0 78.0 472.0 671.0 195.0 671.0 
1 3 0.61 0.61 472.0 78.0 472.0 671.0 195.0 671.0 531.0 82.0 531.0 
1 4 0.67 0.67 472.0 78.0 472.0 671.0 195.0 671.0 531.0 82.0 531.0 490.0 32.0 490.0 
1 2 0.47 0.47 421.0 139.0 421.0 585.0 87.0 585.0 
1 3 0.52 0.52 421.0 139.0 421.0 585.0 87.0 585.0 300.0 15.0 300.0 
1 2 0.36 0.36 49.0 1.0 49.0 532.0 184.0 532.0 
1 3 0.42 0.42 49.0 1.0 49.0 532.0 184.0 532.0 278.0 15.0 278.0 
1 4 0.63 0.63 49.0 1.0 49.0 532.0 184.0 532.0 278.0 15.0 278.0 270.0 58.0 270.0 
1 5 0.65 0.65 49.0 1.0 49.0 532.0 184.0 532.0 278.0 15.0 278.0 270.0 58.0 270.0 911.0 17.0 911.0 
1 2 0.42 0.42 784.0 57.0 784.0 325.0 115.0 325.0 
1 3 0.9 0.9 784.0 57.0 784.0 325.0 115.0 325.0 220.0 106.0 220.0 
1 2 0.93 0.93 356.0 59.0 356.0 575.0 441.0 575.0 
1 2 0.57 0.57 549.0 266.0 549.0 693.0 62.0 693.0 
1 3 0.67 0.67 549.0 266.0 549.0 693.0 62.0 693.0 266.0 26.0 266.0 
1 4 0.77 0.77 549.0 266.0 549.0 693.0 62.0 693.0 266.0 26.0 266.0 400.0 42.0 400.0 
1 2 0.42 0.42 792.0 112.0 792.0 435.0 122.0 435.0 
1 3 0.67 0.67 792.0 112.0 792.0 435.0 122.0 435.0 455.0 115.0 455.0 
1 4 0.8 0.8 792.0 112.0 792.0 435.0 122.0 435.0 455.0 115.0 455.0 895.0 121.0 895.0 
1 2 0.13 0.13 157.0 2.0 157.0 772.0 95.0 772.0 
1 3 0.32 0.32 157.0 2.0 157.0 772.0 95.0 772.0 605.0 112.0 605.0 
1 4 0.44 0.44 157.0 2.0 157.0 772.0 95.0 772.0 605.0 112.0 605.0 832.0 104.0 832.0 
1 2 0.38 0.38 397.0 6.0 397.0 583.0 214.0 583.0 
1 3 0.4 0.4 397.0 6.0 397.0 583.0 214.0 583.0 252.0 7.0 252.0 
1 4 0.89 0.89 397.0 6.0 397.0 583.0 214.0 583.0 252.0 7.0 252.0 320.0 154.0 320.0 
1 5 0.89 0.89 397.0 6.0 397.0 583.0 214.0 583.0 252.0 7.0 252.0 320.0 154.0 320.0 169.0 1.0 169.0 
1 6 0.99 0.99 397.0 6.0 397.0 583.0 214.0 583.0 252.0 7.0 252.0 320.0 154.0 320.0 169.0 1.0 169.0 667.0 66.0 667.0 
1 2 0.56 0.56 839.0 215.0 839.0 787.0 242.0 787.0 
1 2 0.35 0.35 637.0 60.0 637.0 490.0 127.0 490.0 
1 2 0.11 0.11 894.0 68.0 894.0 174.0 7.0 174.0 
1 3 0.91 0.91 894.0 68.0 894.0 174.0 7.0 174.0 289.0 230.0 289.0 
1 4 0.94 0.94 894.0 68.0 894.0 174.0 7.0 174.0 289.0 230.0 289.0 592.0 22.0 592.0 
1 2 0.52 0.52 926.0 106.0 926.0 374.0 152.0 374.0 
1 3 0.57 0.57 926.0 106.0 926.0 374.0 152.0 374.0 409.0 22.0 409.0 
1 4 0.83 0.83 926.0 106.0 926.0 374.0 152.0 374.0 409.0 22.0 409.0 902.0 239.0 902.0 
1 2 0.99 0.99 1000.0 866.0 1000.0 429.0 54.0 429.0 
1 2 0.34 0.34 665.0 139.0 665.0 986.0 132.0 986.0 
1 3 0.45 0.45 665.0 139.0 665.0 986.0 132.0 986.0 820.0 96.0 820.0 
1 4 0.86 0.86 665.0 139.0 665.0 986.0 132.0 986.0 820.0 96.0 820.0 257.0 104.0 257.0 
1 2 0.94 0.94 391.0 270.0 391.0 904.0 227.0 904.0 
1 2 0.47 0.47 92.0 13.0 92.0 42.0 14.0 42.0 
1 2 0.44 0.44 589.0 19.0 589.0 157.0 65.0 157.0 
1 3 0.68 0.68 589.0 19.0 589.0 157.0 65.0 157.0 979.0 236.0 979.0 
1 4 0.79 0.79 589.0 19.0 589.0 157.0 65.0 157.0 979.0 236.0 979.0 866.0 90.0 866.0 
1 2 0.07 0.07 503.0 24.0 503.0 738.0 18.0 738.0 
1 3 0.31 0.31 503.0 24.0 503.0 738.0 18.0 738.0 887.0 212.0 887.0 
1 2 0.43 0.43 101.0 31.0 101.0 961.0 126.0 961.0 
1 3 0.61 0.61 101.0 31.0 101.0 961.0 126.0 961.0 174.0 31.0 174.0 
1 2 0.4 0.4 22.0 1.0 22.0 197.0 70.0 197.0 
1 2 0.29 0.29 864.0 143.0 864.0 1000.0 133.0 1000.0 
1 3 0.96 0.96 864.0 143.0 864.0 1000.0 133.0 1000.0 784.0 522.0 784.0 
1 2 0.5 0.5 969.0 459.0 969.0 484.0 16.0 484.0 
1 3 0.69 0.69 969.0 459.0 969.0 484.0 16.0 484.0 779.0 143.0 779.0 
1 2 0.76 0.76 23.0 12.0 23.0 721.0 176.0 721.0 
1 3 0.86 0.86 23.0 12.0 23.0 721.0 176.0 721.0 569.0 58.0 569.0 
1 2 0.47 0.47 146.0 62.0 146.0 145.0 8.0 145.0 
1 3 0.57 0.57 146.0 62.0 146.0 145.0 8.0 145.0 182.0 18.0 182.0 
1 2 0.23 0.23 596.0 28.0 596.0 73.0 14.0 73.0 
1 3 0.6 0.6 596.0 28.0 596.0 73.0 14.0 73.0 116.0 42.0 116.0 
1 2 0.42 0.42 197.0 12.0 197.0 959.0 350.0 959.0 
1 3 0.44 0.44 197.0 12.0 197.0 959.0 350.0 959.0 83.0 2.0 83.0 
1 4 0.51 0.51 197.0 12.0 197.0 959.0 350.0 959.0 83.0 2.0 83.0 782.0 54.0 782.0 
1 2 0.35 0.35 32.0 2.0 32.0 278.0 81.0 278.0 
1 3 0.42 0.42 32.0 2.0 32.0 278.0 81.0 278.0 602.0 42.0 602.0 
1 4 0.68 0.68 32.0 2.0 32.0 278.0 81.0 278.0 602.0 42.0 602.0 759.0 200.0 759.0 
1 2 0.15 0.15 755.0 89.0 755.0 392.0 14.0 392.0 
1 3 0.45 0.45 755.0 89.0 755.0 392.0 14.0 392.0 710.0 211.0 710.0 
1 4 0.79 0.79 755.0 89.0 755.0 392.0 14.0 392.0 710.0 211.0 710.0 240.0 83.0 240.0 
1 2 0.46 0.46 551.0 131.0 551.0 857.0 192.0 857.0 
1 3 0.54 0.54 551.0 131.0 551.0 857.0 192.0 857.0 742.0 65.0 742.0 
1 4 0.73 0.73 551.0 131.0 551.0 857.0 192.0 857.0 742.0 65.0 742.0 655.0 121.0 655.0 
1 5 0.79 0.79 551.0 131.0 551.0 857.0 192.0 857.0 742.0 65.0 742.0 655.0 121.0 655.0 258.0 16.0 258.0 
1 2 0.61 0.61 211.0 117.0 211.0 881.0 57.0 881.0 
1 3 0.98 0.98 211.0 117.0 211.0 881.0 57.0 881.0 918.0 333.0 918.0 
1 2 0.31 0.31 138.0 20.0 138.0 958.0 162.0 958.0 
1 3 0.48 0.48 138.0 20.0 138.0 958.0 162.0 958.0 706.0 123.0 706.0 
1 4 0.55 0.55 138.0 20.0 138.0 958.0 162.0 958.0 706.0 123.0 706.0 322.0 21.0 322.0 
1 2 0.97 0.97 412.0 46.0 412.0 296.0 255.0 296.0 
1 2 0.51 0.51 471.0 93.0 471.0 417.0 134.0 417.0 
1 2 0.46 0.46 691.0 114.0 691.0 668.0 200.0 668.0 
1 2 0.8 0.8 630.0 181.0 630.0 159.0 82.0 159.0 
1 3 0.96 0.96 630.0 181.0 630.0 159.0 82.0 159.0 985.0 155.0 985.0 
1 2 0.39 0.39 143.0 44.0 143.0 274.0 25.0 274.0 
1 3 0.7 0.7 143.0 44.0 143.0 274.0 25.0 274.0 655.0 201.0 655.0 
1 2 0.81 0.81 532.0 293.0 532.0 791.0 210.0 791.0 
1 2 0.85 0.85 52.0 34.0 52.0 483.0 97.0 483.0 
1 2 0.04 0.04 516.0 22.0 516.0 401.0 2.0 401.0 
1 3 0.17 0.17 516.0 22.0 516.0 401.0 2.0 401.0 192.0 24.0 192.0 
1 2 0.26 0.26 348.0 54.0 348.0 436.0 47.0 436.0 
1 3 0.91 0.91 348.0 54.0 348.0 436.0 47.0 436.0 920.0 597.0 920.0 
1 4 0.91 0.91 348.0 54.0 348.0 436.0 47.0 436.0 920.0 597.0 920.0 561.0 4.0 561.0 
1 2 0.24 0.24 532.0 114.0 532.0 819.0 29.0 819.0 
1 2 0.68 0.68 667.0 293.0 667.0 297.0 72.0 297.0 
1 3 0.85 0.85 667.0 293.0 667.0 297.0 72.0 297.0 606.0 104.0 606.0 
1 4 0.88 0.88 667.0 293.0 667.0 297.0 72.0 297.0 606.0 104.0 606.0 386.0 13.0 386.0 
1 5 0.9 0.9 667.0 293.0 667.0 297.0 72.0 297.0 606.0 104.0 606.0 386.0 13.0 386.0 153.0 3.0 153.0 
1 6 0.97 0.97 667.0 293.0 667.0 297.0 72.0 297.0 606.0 104.0 606.0 386.0 13.0 386.0 153.0 3.0 153.0 530.0 34.0 530.0 
1 2 0.69 0.69 60.0 17.0 60.0 634.0 258.0 634.0 
1 2 0.79 0.79 930.0 191.0 930.0 383.0 225.0 383.0 
1 3 0.88 0.88 930.0 191.0 930.0 383.0 225.0 383.0 327.0 31.0 327.0 
1 4 0.93 0.93 930.0 191.0 930.0 383.0 225.0 383.0 327.0 31.0 327.0 618.0 32.0 618.0 
1 2 0.61 0.61 968.0 116.0 968.0 2.0 1.0 2.0 
1 3 0.66 0.66 968.0 116.0 968.0 2.0 1.0 2.0 679.0 32.0 679.0 
1 2 0.59 0.59 549.0 149.0 549.0 862.0 276.0 862.0 
1 2 0.93 0.93 191.0 23.0 191.0 160.0 131.0 160.0 
1 2 0.73 0.73 786.0 546.0 786.0 303.0 11.0 303.0 
1 2 0.07 0.07 725.0 19.0 725.0 295.0 13.0 295.0 
1 3 0.11 0.11 725.0 19.0 725.0 295.0 13.0 295.0 502.0 21.0 502.0 
1 2 0.38 0.38 676.0 77.0 676.0 525.0 140.0 525.0 
1 3 0.51 0.51 676.0 77.0 676.0 525.0 140.0 525.0 954.0 133.0 954.0 
1 4 0.98 0.98 676.0 77.0 676.0 525.0 140.0 525.0 954.0 133.0 954.0 946.0 439.0 946.0 
1 2 0.35 0.35 506.0 26.0 506.0 589.0 181.0 589.0 
1 2 0.76 0.76 509.0 246.0 509.0 729.0 208.0 729.0 
1 3 0.86 0.86 509.0 246.0 509.0 729.0 208.0 729.0 209.0 20.0 209.0 
1 2 0.82 0.82 274.0 27.0 274.0 248.0 180.0 248.0 
1 3 0.9 0.9 274.0 27.0 274.0 248.0 180.0 248.0 764.0 61.0 764.0 
1 2 0.73 0.73 842.0 291.0 842.0 178.0 70.0 178.0 
1 2 0.47 0.47 344.0 70.0 344.0 994.0 267.0 994.0 
1 3 0.59 0.59 344.0 70.0 344.0 994.0 267.0 994.0 404.0 51.0 404.0 
1 2 0.18 0.18 102.0 16.0 102.0 785.0 25.0 785.0 
1 2 0.51 0.51 472.0 187.0 472.0 961.0 117.0 961.0 
1 3 0.97 0.97 472.0 187.0 472.0 961.0 117.0 961.0 810.0 369.0 810.0 
1 2 0.32 0.32 108.0 15.0 108.0 259.0 49.0 259.0 
1 2 0.89 0.89 100.0 8.0 100.0 196.0 159.0 196.0 
1 2 0.25 0.25 791.0 119.0 791.0 468.0 50.0 468.0 
1 3 0.47 0.47 791.0 119.0 791.0 468.0 50.0 468.0 924.0 200.0 924.0 
1 4 0.6 0.6 791.0 119.0 791.0 468.0 50.0 468.0 924.0 200.0 924.0 438.0 59.0 438.0 
1 2 0.96 0.96 422.0 156.0 422.0 970.0 578.0 970.0 
1 2 0.81 0.81 756.0 510.0 756.0 908.0 132.0 908.0 
1 2 0.21 0.21 805.0 77.0 805.0 826.0 98.0 826.0 
1 3 0.4 0.4 805.0 77.0 805.0 826.0 98.0 826.0 360.0 69.0 360.0 
1 4 0.55 0.55 805.0 77.0 805.0 826.0 98.0 826.0 360.0 69.0 360.0 90.0 13.0 90.0 
1 5 0.77 0.77 805.0 77.0 805.0 826.0 98.0 826.0 360.0 69.0 360.0 90.0 13.0 90.0 184.0 42.0 184.0 
1 2 0.55 0.55 14.0 6.0 14.0 468.0 57.0 468.0 
1 2 0.68 0.68 769.0 350.0 769.0 980.0 227.0 980.0 
1 3 0.9 0.9 769.0 350.0 769.0 980.0 227.0 980.0 523.0 116.0 523.0 
1 2 0.88 0.88 488.0 346.0 488.0 417.0 72.0 417.0 
1 2 0.28 0.28 7.0 2.0 7.0 968.0 1.0 968.0 
1 3 0.61 0.61 7.0 2.0 7.0 968.0 1.0 968.0 764.0 251.0 764.0 
1 2 0.56 0.56 512.0 79.0 512.0 852.0 350.0 852.0 
1 3 0.64 0.64 512.0 79.0 512.0 852.0 350.0 852.0 341.0 26.0 341.0 
1 4 0.84 0.84 512.0 79.0 512.0 852.0 350.0 852.0 341.0 26.0 341.0 145.0 29.0 145.0 
1 5 0.86 0.86 512.0 79.0 512.0 852.0 350.0 852.0 341.0 26.0 341.0 145.0 29.0 145.0 910.0 17.0 910.0 
1 2 0.21 0.21 972.0 135.0 972.0 413.0 30.0 413.0 
1 3 0.21 0.21 972.0 135.0 972.0 413.0 30.0 413.0 382.0 3.0 382.0 
1 4 0.27 0.27 972.0 135.0 972.0 413.0 30.0 413.0 382.0 3.0 382.0 724.0 39.0 724.0 
1 5 0.28 0.28 972.0 135.0 972.0 413.0 30.0 413.0 382.0 3.0 382.0 724.0 39.0 724.0 600.0 9.0 600.0 
1 6 0.81 0.81 972.0 135.0 972.0 413.0 30.0 413.0 382.0 3.0 382.0 724.0 39.0 724.0 600.0 9.0 600.0 21.0 11.0 21.0 
1 2 0.85 0.85 48.0 33.0 48.0 862.0 146.0 862.0 
1 3 0.88 0.88 48.0 33.0 48.0 862.0 146.0 862.0 967.0 25.0 967.0 
1 2 0.65 0.65 609.0 103.0 609.0 535.0 261.0 535.0 
1 3 0.72 0.72 609.0 103.0 609.0 535.0 261.0 535.0 159.0 11.0 159.0 
1 4 0.87 0.87 609.0 103.0 609.0 535.0 261.0 535.0 159.0 11.0 159.0 636.0 95.0 636.0 
1 2 0.69 0.69 160.0 87.0 160.0 481.0 71.0 481.0 
1 3 0.77 0.77 160.0 87.0 160.0 481.0 71.0 481.0 740.0 62.0 740.0 
1 2 0.65 0.65 220.0 124.0 220.0 757.0 67.0 757.0 
1 3 0.97 0.97 220.0 124.0 220.0 757.0 67.0 757.0 685.0 219.0 685.0 
1 2 0.71 0.71 320.0 37.0 320.0 839.0 499.0 839.0 
1 3 0.97 0.97 320.0 37.0 320.0 839.0 499.0 839.0 120.0 32.0 120.0 
1 2 0.27 0.27 536.0 40.0 536.0 228.0 46.0 228.0 
1 3 0.28 0.28 536.0 40.0 536.0 228.0 46.0 228.0 533.0 5.0 533.0 
1 4 0.6 0.6 536.0 40.0 536.0 228.0 46.0 228.0 533.0 5.0 533.0 418.0 133.0 418.0 
1 5 0.75 0.75 536.0 40.0 536.0 228.0 46.0 228.0 533.0 5.0 533.0 418.0 133.0 418.0 361.0 56.0 361.0 
1 6 0.79 0.79 536.0 40.0 536.0 228.0 46.0 228.0 533.0 5.0 533.0 418.0 133.0 418.0 361.0 56.0 361.0 798.0 27.0 798.0 
1 2 0.43 0.43 787.0 220.0 787.0 508.0 80.0 508.0 
1 3 0.77 0.77 787.0 220.0 787.0 508.0 80.0 508.0 810.0 270.0 810.0 
1 2 0.5 0.5 766.0 366.0 766.0 622.0 16.0 622.0 
1 3 0.86 0.86 766.0 366.0 766.0 622.0 16.0 622.0 461.0 168.0 461.0 
1 2 0.19 0.19 116.0 2.0 116.0 57.0 10.0 57.0 
1 3 0.7 0.7 116.0 2.0 116.0 57.0 10.0 57.0 47.0 24.0 47.0 
1 2 0.25 0.25 545.0 59.0 545.0 402.0 58.0 402.0 
1 2 0.73 0.73 467.0 68.0 467.0 412.0 244.0 412.0 
1 2 0.88 0.88 777.0 561.0 777.0 918.0 149.0 918.0 
1 2 0.51 0.51 297.0 55.0 297.0 986.0 324.0 986.0 
1 3 0.71 0.71 297.0 55.0 297.0 986.0 324.0 986.0 971.0 197.0 971.0 
1 2 0.33 0.33 244.0 33.0 244.0 278.0 56.0 278.0 
1 3 0.36 0.36 244.0 33.0 244.0 278.0 56.0 278.0 841.0 20.0 841.0 
1 4 0.6 0.6 244.0 33.0 244.0 278.0 56.0 278.0 841.0 20.0 841.0 989.0 239.0 989.0 
1 2 0.68 0.68 251.0 29.0 251.0 191.0 108.0 191.0 
1 2 0.7 0.7 308.0 31.0 308.0 888.0 534.0 888.0 
1 2 0.21 0.21 879.0 65.0 879.0 352.0 48.0 352.0 
1 3 0.52 0.52 879.0 65.0 879.0 352.0 48.0 352.0 151.0 47.0 151.0 
1 2 0.12 0.12 621.0 29.0 621.0 829.0 62.0 829.0 
1 3 0.35 0.35 621.0 29.0 621.0 829.0 62.0 829.0 130.0 30.0 130.0 
1 4 0.75 0.75 621.0 29.0 621.0 829.0 62.0 829.0 130.0 30.0 130.0 383.0 156.0 383.0 
1 2 0.56 0.56 669.0 109.0 669.0 436.0 177.0 436.0 
1 3 0.77 0.77 669.0 109.0 669.0 436.0 177.0 436.0 104.0 21.0 104.0 
1 2 0.48 0.48 508.0 244.0 508.0 761.0 4.0 761.0 
1 2 0.72 0.72 828.0 130.0 828.0 177.0 101.0 177.0 
1 3 0.92 0.92 828.0 130.0 828.0 177.0 101.0 177.0 966.0 191.0 966.0 
1 2 0.98 0.98 528.0 228.0 528.0 248.0 138.0 248.0 
1 2 0.71 0.71 232.0 46.0 232.0 543.0 278.0 543.0 
1 2 0.98 0.98 990.0 329.0 990.0 503.0 327.0 503.0 
1 2 0.54 0.54 436.0 172.0 436.0 398.0 60.0 398.0 
1 2 0.83 0.83 111.0 10.0 111.0 831.0 618.0 831.0 
1 2 0.59 0.59 962.0 350.0 962.0 564.0 129.0 564.0 
1 3 0.93 0.93 962.0 350.0 962.0 564.0 129.0 564.0 731.0 251.0 731.0 
1 2 0.38 0.38 905.0 326.0 905.0 694.0 14.0 694.0 
1 2 0.83 0.83 270.0 93.0 270.0 810.0 401.0 810.0 
1 2 0.73 0.73 264.0 180.0 264.0 843.0 43.0 843.0 
1 3 0.9 0.9 264.0 180.0 264.0 843.0 43.0 843.0 717.0 120.0 717.0 
1 2 0.49 0.49 289.0 73.0 289.0 994.0 237.0 994.0 
1 3 0.97 0.97 289.0 73.0 289.0 994.0 237.0 994.0 75.0 36.0 75.0 
1 2 0.77 0.77 636.0 272.0 636.0 851.0 293.0 851.0 
1 2 0.56 0.56 520.0 31.0 520.0 587.0 296.0 587.0 
1 2 0.89 0.89 481.0 310.0 481.0 244.0 62.0 244.0 
1 2 0.81 0.81 857.0 455.0 857.0 224.0 63.0 224.0 
1 2 0.16 0.16 696.0 26.0 696.0 573.0 71.0 573.0 
1 2 0.24 0.24 914.0 172.0 914.0 443.0 23.0 443.0 
1 3 0.3 0.3 914.0 172.0 914.0 443.0 23.0 443.0 426.0 28.0 426.0 
1 4 0.96 0.96 914.0 172.0 914.0 443.0 23.0 443.0 426.0 28.0 426.0 73.0 48.0 73.0 
1 2 0.42 0.42 66.0 12.0 66.0 453.0 110.0 453.0 
1 3 0.96 0.96 66.0 12.0 66.0 453.0 110.0 453.0 905.0 491.0 905.0 
1 2 0.99 0.99 615.0 180.0 615.0 495.0 349.0 495.0 
1 2 0.78 0.78 231.0 96.0 231.0 727.0 270.0 727.0 
1 2 0.52 0.52 170.0 37.0 170.0 492.0 149.0 492.0 
1 3 0.61 0.61 170.0 37.0 170.0 492.0 149.0 492.0 186.0 17.0 186.0 
1 2 0.62 0.62 920.0 538.0 920.0 130.0 5.0 130.0 
1 3 0.83 0.83 920.0 538.0 920.0 130.0 5.0 130.0 381.0 81.0 381.0 
1 2 0.34 0.34 617.0 11.0 617.0 626.0 202.0 626.0 
1 2 0.45 0.45 59.0 4.0 59.0 523.0 203.0 523.0 
1 3 0.65 0.65 59.0 4.0 59.0 523.0 203.0 523.0 438.0 85.0 438.0 
1 4 0.92 0.92 59.0 4.0 59.0 523.0 203.0 523.0 438.0 85.0 438.0 558.0 154.0 558.0 
1 2 0.66 0.66 173.0 113.0 173.0 561.0 4.0 561.0 
1 3 0.74 0.74 173.0 113.0 173.0 561.0 4.0 561.0 74.0 6.0 74.0 
1 2 0.37 0.37 441.0 92.0 441.0 938.0 158.0 938.0 
1 3 0.4 0.4 441.0 92.0 441.0 938.0 158.0 938.0 779.0 20.0 779.0 
1 4 0.54 0.54 441.0 92.0 441.0 938.0 158.0 938.0 779.0 20.0 779.0 519.0 74.0 519.0 
1 2 0.49 0.49 533.0 138.0 533.0 60.0 14.0 60.0 
1 3 0.54 0.54 533.0 138.0 533.0 60.0 14.0 60.0 547.0 29.0 547.0 
1 2 0.75 0.75 829.0 53.0 829.0 521.0 361.0 521.0 
1 3 0.84 0.84 829.0 53.0 829.0 521.0 361.0 521.0 131.0 12.0 131.0 
1 2 0.92 0.92 78.0 6.0 78.0 916.0 779.0 916.0 
1 2 0.47 0.47 825.0 188.0 825.0 964.0 236.0 964.0 
1 3 0.54 0.54 825.0 188.0 825.0 964.0 236.0 964.0 877.0 64.0 877.0 
1 4 0.66 0.66 825.0 188.0 825.0 964.0 236.0 964.0 877.0 64.0 877.0 137.0 16.0 137.0 
1 2 0.26 0.26 859.0 187.0 859.0 110.0 5.0 110.0 
1 3 0.81 0.81 859.0 187.0 859.0 110.0 5.0 110.0 80.0 44.0 80.0 
1 4 0.89 0.89 859.0 187.0 859.0 110.0 5.0 110.0 80.0 44.0 80.0 342.0 29.0 342.0 
1 5 0.91 0.91 859.0 187.0 859.0 110.0 5.0 110.0 80.0 44.0 80.0 342.0 29.0 342.0 459.0 9.0 459.0 
1 2 0.31 0.31 386.0 99.0 386.0 748.0 45.0 748.0 
1 2 0.72 0.72 359.0 132.0 359.0 613.0 216.0 613.0 
1 2 0.18 0.18 401.0 27.0 401.0 397.0 47.0 397.0 
1 3 0.18 0.18 401.0 27.0 401.0 397.0 47.0 397.0 636.0 2.0 636.0 
1 4 0.32 0.32 401.0 27.0 401.0 397.0 47.0 397.0 636.0 2.0 636.0 926.0 130.0 926.0 
1 5 0.42 0.42 401.0 27.0 401.0 397.0 47.0 397.0 636.0 2.0 636.0 926.0 130.0 926.0 483.0 45.0 483.0 
1 2 0.83 0.83 661.0 471.0 661.0 769.0 96.0 769.0 
1 2 0.52 0.52 795.0 262.0 795.0 426.0 83.0 426.0 
1 3 0.62 0.62 795.0 262.0 795.0 426.0 83.0 426.0 539.0 55.0 539.0 
1 2 0.54 0.54 447.0 99.0 447.0 122.0 40.0 122.0 
1 3 0.55 0.55 447.0 99.0 447.0 122.0 40.0 122.0 711.0 5.0 711.0 
1 2 0.38 0.38 783.0 273.0 783.0 419.0 17.0 419.0 
1 3 0.62 0.62 783.0 273.0 783.0 419.0 17.0 419.0 490.0 115.0 490.0 
1 2 0.25 0.25 98.0 15.0 98.0 396.0 40.0 396.0 
1 3 0.58 0.58 98.0 15.0 98.0 396.0 40.0 396.0 6.0 2.0 6.0 
1 4 0.69 0.69 98.0 15.0 98.0 396.0 40.0 396.0 6.0 2.0 6.0 321.0 34.0 321.0 
1 5 0.79 0.79 98.0 15.0 98.0 396.0 40.0 396.0 6.0 2.0 6.0 321.0 34.0 321.0 58.0 6.0 58.0 
1 2 0.88 0.88 349.0 62.0 349.0 269.0 191.0 269.0 
1 2 0.27 0.27 647.0 93.0 647.0 757.0 99.0 757.0 
1 3 0.58 0.58 647.0 93.0 647.0 757.0 99.0 757.0 455.0 142.0 455.0 
1 4 0.69 0.69 647.0 93.0 647.0 757.0 99.0 757.0 455.0 142.0 455.0 384.0 43.0 384.0 
1 2 0.19 0.19 532.0 84.0 532.0 295.0 10.0 295.0 
1 3 0.65 0.65 532.0 84.0 532.0 295.0 10.0 295.0 748.0 348.0 748.0 
1 4 0.72 0.72 532.0 84.0 532.0 295.0 10.0 295.0 748.0 348.0 748.0 534.0 37.0 534.0 
1 5 0.81 0.81 532.0 84.0 532.0 295.0 10.0 295.0 748.0 348.0 748.0 534.0 37.0 534.0 35.0 3.0 35.0 
1 2 0.99 0.99 378.0 169.0 378.0 592.0 322.0 592.0 
1 2 0.58 0.58 738.0 418.0 738.0 813.0 18.0 813.0 
1 3 0.78 0.78 738.0 418.0 738.0 813.0 18.0 813.0 439.0 86.0 439.0 
1 4 0.93 0.93 738.0 418.0 738.0 813.0 18.0 813.0 439.0 86.0 439.0 140.0 21.0 140.0 
1 2 0.46 0.46 148.0 56.0 148.0 325.0 27.0 325.0 
1 2 0.9 0.9 431.0 173.0 431.0 20.0 10.0 20.0 
1 2 0.4 0.4 275.0 7.0 275.0 500.0 192.0 500.0 
1 2 0.62 0.62 13.0 4.0 13.0 56.0 18.0 56.0 
1 3 0.99 0.99 13.0 4.0 13.0 56.0 18.0 56.0 767.0 284.0 767.0 
1 2 0.5 0.5 527.0 234.0 527.0 114.0 7.0 114.0 
1 3 0.92 0.92 527.0 234.0 527.0 114.0 7.0 114.0 825.0 344.0 825.0 
1 4 0.96 0.96 527.0 234.0 527.0 114.0 7.0 114.0 825.0 344.0 825.0 412.0 16.0 412.0 
1 2 0.12 0.12 234.0 9.0 234.0 623.0 52.0 623.0 
1 3 0.2 0.2 234.0 9.0 234.0 623.0 52.0 623.0 571.0 46.0 571.0 
1 4 0.43 0.43 234.0 9.0 234.0 623.0 52.0 623.0 571.0 46.0 571.0 826.0 190.0 826.0 
1 5 0.76 0.76 234.0 9.0 234.0 623.0 52.0 623.0 571.0 46.0 571.0 826.0 190.0 826.0 564.0 189.0 564.0 
1 2 0.94 0.94 424.0 244.0 424.0 297.0 111.0 297.0 
1 2 0.21 0.21 879.0 163.0 879.0 792.0 20.0 792.0 
1 3 0.95 0.95 879.0 163.0 879.0 792.0 20.0 792.0 761.0 563.0 761.0 
1 4 0.97 0.97 879.0 163.0 879.0 792.0 20.0 792.0 761.0 563.0 761.0 383.0 9.0 383.0 
1 2 0.59 0.59 671.0 359.0 671.0 31.0 2.0 31.0 
1 2 0.71 0.71 167.0 112.0 167.0 949.0 45.0 949.0 
1 2 0.45 0.45 994.0 260.0 994.0 978.0 193.0 978.0 
1 2 0.43 0.43 799.0 340.0 799.0 543.0 3.0 543.0 
1 3 0.51 0.51 799.0 340.0 799.0 543.0 3.0 543.0 258.0 22.0 258.0 
1 4 0.69 0.69 799.0 340.0 799.0 543.0 3.0 543.0 258.0 22.0 258.0 576.0 102.0 576.0 
1 5 0.71 0.71 799.0 340.0 799.0 543.0 3.0 543.0 258.0 22.0 258.0 576.0 102.0 576.0 645.0 15.0 645.0 
1 6 0.97 0.97 799.0 340.0 799.0 543.0 3.0 543.0 258.0 22.0 258.0 576.0 102.0 576.0 645.0 15.0 645.0 415.0 107.0 415.0 
1 2 0.6 0.6 602.0 324.0 602.0 349.0 22.0 349.0 
1 2 0.75 0.75 894.0 469.0 894.0 306.0 71.0 306.0 
1 2 0.88 0.88 725.0 238.0 725.0 219.0 121.0 219.0 
1 2 0.21 0.21 268.0 36.0 268.0 747.0 61.0 747.0 
1 3 0.53 0.53 268.0 36.0 268.0 747.0 61.0 747.0 939.0 298.0 939.0 
1 4 0.58 0.58 268.0 36.0 268.0 747.0 61.0 747.0 939.0 298.0 939.0 472.0 23.0 472.0 
1 5 0.95 0.95 268.0 36.0 268.0 747.0 61.0 747.0 939.0 298.0 939.0 472.0 23.0 472.0 231.0 87.0 231.0 
1 2 0.65 0.65 435.0 163.0 435.0 57.0 16.0 57.0 
1 3 0.89 0.89 435.0 163.0 435.0 57.0 16.0 57.0 46.0 11.0 46.0 
1 2 0.99 0.99 912.0 246.0 912.0 149.0 108.0 149.0 
1 2 0.42 0.42 282.0 74.0 282.0 517.0 82.0 517.0 
1 3 0.73 0.73 282.0 74.0 282.0 517.0 82.0 517.0 673.0 212.0 673.0 
1 4 0.92 0.92 282.0 74.0 282.0 517.0 82.0 517.0 673.0 212.0 673.0 565.0 105.0 565.0 
1 2 0.45 0.45 229.0 1.0 229.0 907.0 406.0 907.0 
1 3 0.98 0.98 229.0 1.0 229.0 907.0 406.0 907.0 490.0 263.0 490.0 
1 2 0.85 0.85 933.0 697.0 933.0 683.0 72.0 683.0 
1 3 0.88 0.88 933.0 697.0 933.0 683.0 72.0 683.0 223.0 7.0 223.0 
1 2 0.47 0.47 184.0 79.0 184.0 987.0 45.0 987.0 
1 3 0.5 0.5 184.0 79.0 184.0 987.0 45.0 987.0 272.0 9.0 272.0 
1 4 0.52 0.52 184.0 79.0 184.0 987.0 45.0 987.0 272.0 9.0 272.0 53.0 1.0 53.0 
1 5 0.97 0.97 184.0 79.0 184.0 987.0 45.0 987.0 272.0 9.0 272.0 53.0 1.0 53.0 834.0 377.0 834.0 
1 2 0.64 0.64 36.0 11.0 36.0 378.0 129.0 378.0 
1 3 0.87 0.87 36.0 11.0 36.0 378.0 129.0 378.0 706.0 159.0 706.0 
1 2 0.38 0.38 104.0 23.0 104.0 81.0 13.0 81.0 
1 2 0.66 0.66 487.0 36.0 487.0 559.0 330.0 559.0 
1 3 0.83 0.83 487.0 36.0 487.0 559.0 330.0 559.0 82.0 14.0 82.0 
1 2 0.56 0.56 484.0 166.0 484.0 882.0 198.0 882.0 
1 2 0.41 0.41 517.0 151.0 517.0 698.0 87.0 698.0 
1 3 0.62 0.62 517.0 151.0 517.0 698.0 87.0 698.0 425.0 90.0 425.0 
1 2 0.41 0.41 243.0 47.0 243.0 407.0 91.0 407.0 
1 3 0.96 0.96 243.0 47.0 243.0 407.0 91.0 407.0 857.0 469.0 857.0 
1 2 0.88 0.88 298.0 201.0 298.0 865.0 184.0 865.0 
1 2 0.91 0.91 225.0 119.0 225.0 386.0 150.0 386.0 
1 3 0.94 0.94 225.0 119.0 225.0 386.0 150.0 386.0 832.0 26.0 832.0 
1 2 0.43 0.43 828.0 79.0 828.0 641.0 217.0 641.0 
1 3 0.7 0.7 828.0 79.0 828.0 641.0 217.0 641.0 753.0 204.0 753.0 
1 2 0.75 0.75 811.0 202.0 811.0 863.0 436.0 863.0 
1 2 0.31 0.31 487.0 126.0 487.0 117.0 7.0 117.0 
1 3 0.62 0.62 487.0 126.0 487.0 117.0 7.0 117.0 527.0 163.0 527.0 
1 4 0.7 0.7 487.0 126.0 487.0 117.0 7.0 117.0 527.0 163.0 527.0 273.0 20.0 273.0 
1 2 0.52 0.52 490.0 28.0 490.0 131.0 61.0 131.0 
1 3 0.54 0.54 490.0 28.0 490.0 131.0 61.0 131.0 633.0 13.0 633.0 
1 2 0.56 0.56 320.0 100.0 320.0 273.0 69.0 273.0 
1 2 0.9 0.9 172.0 88.0 172.0 938.0 365.0 938.0 
1 3 0.94 0.94 172.0 88.0 172.0 938.0 365.0 938.0 194.0 8.0 194.0 
1 2 0.43 0.43 957.0 158.0 957.0 976.0 267.0 976.0 
1 3 0.59 0.59 957.0 158.0 957.0 976.0 267.0 976.0 472.0 73.0 472.0 
1 2 0.24 0.24 676.0 143.0 676.0 775.0 25.0 775.0 
1 3 0.4 0.4 676.0 143.0 676.0 775.0 25.0 775.0 25.0 4.0 25.0 
1 4 0.7 0.7 676.0 143.0 676.0 775.0 25.0 775.0 25.0 4.0 25.0 279.0 85.0 279.0 
1 5 0.82 0.82 676.0 143.0 676.0 775.0 25.0 775.0 25.0 4.0 25.0 279.0 85.0 279.0 107.0 13.0 107.0 
1 2 0.24 0.24 549.0 98.0 549.0 391.0 27.0 391.0 
1 3 0.3 0.3 549.0 98.0 549.0 391.0 27.0 391.0 990.0 54.0 990.0 
1 4 0.39 0.39 549.0 98.0 549.0 391.0 27.0 391.0 990.0 54.0 990.0 813.0 74.0 813.0 
1 5 0.76 0.76 549.0 98.0 549.0 391.0 27.0 391.0 990.0 54.0 990.0 813.0 74.0 813.0 510.0 192.0 510.0 
1 6 0.84 0.84 549.0 98.0 549.0 391.0 27.0 391.0 990.0 54.0 990.0 813.0 74.0 813.0 510.0 192.0 510.0 205.0 15.0 205.0 
1 2 0.43 0.43 622.0 151.0 622.0 955.0 188.0 955.0 
1 3 0.99 0.99 622.0 151.0 622.0 955.0 188.0 955.0 729.0 404.0 729.0 
1 2 0.75 0.75 919.0 605.0 919.0 659.0 64.0 659.0 
1 2 0.32 0.32 777.0 25.0 777.0 773.0 223.0 773.0 
1 3 0.65 0.65 777.0 25.0 777.0 773.0 223.0 773.0 84.0 28.0 84.0 
1 4 0.87 0.87 777.0 25.0 777.0 773.0 223.0 773.0 84.0 28.0 84.0 998.0 222.0 998.0 
1 2 0.17 0.17 303.0 35.0 303.0 902.0 52.0 902.0 
1 2 0.38 0.38 195.0 40.0 195.0 11.0 2.0 11.0 
1 3 0.38 0.38 195.0 40.0 195.0 11.0 2.0 11.0 332.0 1.0 332.0 
1 4 0.72 0.72 195.0 40.0 195.0 11.0 2.0 11.0 332.0 1.0 332.0 860.0 291.0 860.0 
1 2 0.28 0.28 763.0 54.0 763.0 885.0 188.0 885.0 
1 3 0.3 0.3 763.0 54.0 763.0 885.0 188.0 885.0 817.0 15.0 817.0 
1 4 0.71 0.71 763.0 54.0 763.0 885.0 188.0 885.0 817.0 15.0 817.0 578.0 240.0 578.0 
1 5 0.99 0.99 763.0 54.0 763.0 885.0 188.0 885.0 817.0 15.0 817.0 578.0 240.0 578.0 922.0 255.0 922.0 
1 2 0.49 0.49 938.0 82.0 938.0 689.0 282.0 689.0 
1 3 0.82 0.82 938.0 82.0 938.0 689.0 282.0 689.0 806.0 262.0 806.0 
1 2 0.77 0.77 104.0 63.0 104.0 58.0 10.0 58.0 
1 2 0.33 0.33 545.0 83.0 545.0 701.0 126.0 701.0 
1 3 0.35 0.35 545.0 83.0 545.0 701.0 126.0 701.0 277.0 7.0 277.0 
1 2 0.51 0.51 96.0 28.0 96.0 755.0 170.0 755.0 
1 3 0.53 0.53 96.0 28.0 96.0 755.0 170.0 755.0 854.0 12.0 854.0 
1 4 0.66 0.66 96.0 28.0 96.0 755.0 170.0 755.0 854.0 12.0 854.0 834.0 108.0 834.0 
1 2 0.46 0.46 447.0 1.0 447.0 879.0 410.0 879.0 
1 3 0.48 0.48 447.0 1.0 447.0 879.0 410.0 879.0 998.0 14.0 998.0 
1 4 0.98 0.98 447.0 1.0 447.0 879.0 410.0 879.0 998.0 14.0 998.0 721.0 360.0 721.0 
1 2 0.98 0.98 138.0 98.0 138.0 918.0 251.0 918.0 
1 2 0.74 0.74 775.0 290.0 775.0 548.0 202.0 548.0 
1 3 0.75 0.75 775.0 290.0 775.0 548.0 202.0 548.0 344.0 4.0 344.0 
1 4 0.75 0.75 775.0 290.0 775.0 548.0 202.0 548.0 344.0 4.0 344.0 392.0 1.0 392.0 
1 2 0.42 0.42 309.0 21.0 309.0 94.0 34.0 94.0 
1 3 0.51 0.51 309.0 21.0 309.0 94.0 34.0 94.0 37.0 3.0 37.0 
1 4 0.71 0.71 309.0 21.0 309.0 94.0 34.0 94.0 37.0 3.0 37.0 259.0 52.0 259.0 
1 2 0.5 0.5 225.0 8.0 225.0 340.0 160.0 340.0 
1 3 0.62 0.62 225.0 8.0 225.0 340.0 160.0 340.0 872.0 105.0 872.0 
1 4 0.93 0.93 225.0 8.0 225.0 340.0 160.0 340.0 872.0 105.0 872.0 428.0 134.0 428.0 
1 2 0.76 0.76 201.0 55.0 201.0 501.0 244.0 501.0 
1 2 0.47 0.47 883.0 103.0 883.0 459.0 165.0 459.0 
1 3 0.76 0.76 883.0 103.0 883.0 459.0 165.0 459.0 612.0 176.0 612.0 
1 4 0.8 0.8 883.0 103.0 883.0 459.0 165.0 459.0 612.0 176.0 612.0 498.0 23.0 498.0 
1 2 0.3 0.3 863.0 181.0 863.0 40.0 4.0 40.0 
1 3 0.45 0.45 863.0 181.0 863.0 40.0 4.0 40.0 21.0 3.0 21.0 
1 4 0.55 0.55 863.0 181.0 863.0 40.0 4.0 40.0 21.0 3.0 21.0 333.0 33.0 333.0 
1 5 0.83 0.83 863.0 181.0 863.0 40.0 4.0 40.0 21.0 3.0 21.0 333.0 33.0 333.0 618.0 173.0 618.0 
1 2 0.67 0.67 68.0 19.0 68.0 918.0 363.0 918.0 
1 3 0.71 0.71 68.0 19.0 68.0 918.0 363.0 918.0 967.0 39.0 967.0 
1 2 0.37 0.37 538.0 202.0 538.0 917.0 3.0 917.0 
1 3 0.61 0.61 538.0 202.0 538.0 917.0 3.0 917.0 383.0 89.0 383.0 
1 2 0.61 0.61 587.0 107.0 587.0 777.0 333.0 777.0 
1 3 0.95 0.95 587.0 107.0 587.0 777.0 333.0 777.0 989.0 340.0 989.0 
1 2 0.63 0.63 362.0 169.0 362.0 502.0 83.0 502.0 
1 2 0.62 0.62 94.0 16.0 94.0 684.0 308.0 684.0 
1 2 0.77 0.77 724.0 73.0 724.0 953.0 646.0 953.0 
1 2 0.23 0.23 787.0 37.0 787.0 374.0 70.0 374.0 
1 3 0.64 0.64 787.0 37.0 787.0 374.0 70.0 374.0 143.0 59.0 143.0 
1 4 0.96 0.96 787.0 37.0 787.0 374.0 70.0 374.0 143.0 59.0 143.0 983.0 314.0 983.0 
1 2 0.22 0.22 403.0 63.0 403.0 708.0 48.0 708.0 
1 3 0.9 0.9 403.0 63.0 403.0 708.0 48.0 708.0 605.0 414.0 605.0 
1 2 0.94 0.94 424.0 384.0 424.0 338.0 14.0 338.0 
1 2 0.75 0.75 617.0 58.0 617.0 570.0 378.0 570.0 
1 2 0.38 0.38 647.0 105.0 647.0 229.0 50.0 229.0 
1 3 0.9 0.9 647.0 105.0 647.0 229.0 50.0 229.0 451.0 238.0 451.0 
1 2 0.33 0.33 656.0 116.0 656.0 13.0 2.0 13.0 
1 3 0.81 0.81 656.0 116.0 656.0 13.0 2.0 13.0 664.0 319.0 664.0 
1 4 0.83 0.83 656.0 116.0 656.0 13.0 2.0 13.0 664.0 319.0 664.0 560.0 13.0 560.0 
1 2 0.81 0.81 405.0 92.0 405.0 763.0 451.0 763.0 
1 2 0.51 0.51 464.0 100.0 464.0 804.0 239.0 804.0 
1 3 0.99 0.99 464.0 100.0 464.0 804.0 239.0 804.0 148.0 71.0 148.0 
1 2 0.96 0.96 618.0 110.0 618.0 200.0 157.0 200.0 
1 2 0.44 0.44 225.0 6.0 225.0 877.0 368.0 877.0 
1 2 0.09 0.09 711.0 32.0 711.0 170.0 8.0 170.0 
1 3 0.5 0.5 711.0 32.0 711.0 170.0 8.0 170.0 696.0 288.0 696.0 
1 4 0.93 0.93 711.0 32.0 711.0 170.0 8.0 170.0 696.0 288.0 696.0 764.0 330.0 764.0 
1 5 0.96 0.96 711.0 32.0 711.0 170.0 8.0 170.0 696.0 288.0 696.0 764.0 330.0 764.0 524.0 16.0 524.0 
1 2 0.44 0.44 719.0 288.0 719.0 353.0 15.0 353.0 
1 3 0.49 0.49 719.0 288.0 719.0 353.0 15.0 353.0 610.0 30.0 610.0 
1 4 0.6 0.6 719.0 288.0 719.0 353.0 15.0 353.0 610.0 30.0 610.0 111.0 12.0 111.0 
1 5 0.86 0.86 719.0 288.0 719.0 353.0 15.0 353.0 610.0 30.0 610.0 111.0 12.0 111.0 796.0 211.0 796.0 
1 2 0.7 0.7 801.0 304.0 801.0 420.0 137.0 420.0 
1 3 0.85 0.85 801.0 304.0 801.0 420.0 137.0 420.0 125.0 19.0 125.0 
1 2 0.91 0.91 173.0 101.0 173.0 521.0 174.0 521.0 
1 2 0.66 0.66 126.0 31.0 126.0 338.0 140.0 338.0 
1 3 0.99 0.99 126.0 31.0 126.0 338.0 140.0 338.0 3.0 1.0 3.0 
1 2 0.75 0.75 127.0 57.0 127.0 770.0 235.0 770.0 
1 2 0.16 0.16 269.0 3.0 269.0 557.0 85.0 557.0 
1 3 0.34 0.34 269.0 3.0 269.0 557.0 85.0 557.0 302.0 55.0 302.0 
1 4 0.37 0.37 269.0 3.0 269.0 557.0 85.0 557.0 302.0 55.0 302.0 648.0 22.0 648.0 
1 5 0.82 0.82 269.0 3.0 269.0 557.0 85.0 557.0 302.0 55.0 302.0 648.0 22.0 648.0 966.0 432.0 966.0 
1 2 0.33 0.33 333.0 66.0 333.0 29.0 4.0 29.0 
1 3 0.42 0.42 333.0 66.0 333.0 29.0 4.0 29.0 537.0 49.0 537.0 
1 4 0.58 0.58 333.0 66.0 333.0 29.0 4.0 29.0 537.0 49.0 537.0 490.0 75.0 490.0 
1 2 0.45 0.45 770.0 282.0 770.0 421.0 36.0 421.0 
1 3 0.79 0.79 770.0 282.0 770.0 421.0 36.0 421.0 943.0 322.0 943.0 
1 2 0.74 0.74 917.0 511.0 917.0 68.0 13.0 68.0 
1 2 0.75 0.75 454.0 313.0 454.0 463.0 32.0 463.0 
1 2 0.93 0.93 752.0 317.0 752.0 369.0 189.0 369.0 
1 2 0.87 0.87 201.0 146.0 201.0 846.0 128.0 846.0 
1 2 0.31 0.31 153.0 36.0 153.0 442.0 36.0 442.0 
1 3 0.32 0.32 153.0 36.0 153.0 442.0 36.0 442.0 500.0 5.0 500.0 
1 2 0.94 0.94 631.0 262.0 631.0 156.0 83.0 156.0 
1 2 0.98 0.98 898.0 218.0 898.0 551.0 411.0 551.0 
1 2 0.46 0.46 442.0 11.0 442.0 772.0 340.0 772.0 
1 2 0.81 0.81 167.0 56.0 167.0 712.0 341.0 712.0 
1 3 0.99 0.99 167.0 56.0 167.0 712.0 341.0 712.0 135.0 24.0 135.0 
1 2 0.21 0.21 873.0 60.0 873.0 915.0 136.0 915.0 
1 3 0.69 0.69 873.0 60.0 873.0 915.0 136.0 915.0 184.0 88.0 184.0 
1 4 0.99 0.99 873.0 60.0 873.0 915.0 136.0 915.0 184.0 88.0 184.0 127.0 38.0 127.0 
1 2 0.92 0.92 309.0 283.0 309.0 403.0 4.0 403.0 
1 2 0.7 0.7 922.0 406.0 922.0 23.0 6.0 23.0 
1 3 0.79 0.79 922.0 406.0 922.0 23.0 6.0 23.0 930.0 89.0 930.0 
1 2 0.86 0.86 496.0 249.0 496.0 697.0 251.0 697.0 
1 3 0.91 0.91 496.0 249.0 496.0 697.0 251.0 697.0 512.0 26.0 512.0 
1 2 0.07 0.07 78.0 2.0 78.0 354.0 19.0 354.0 
1 3 0.2 0.2 78.0 2.0 78.0 354.0 19.0 354.0 426.0 52.0 426.0 
1 4 0.37 0.37 78.0 2.0 78.0 354.0 19.0 354.0 426.0 52.0 426.0 721.0 128.0 721.0 
1 2 0.69 0.69 262.0 146.0 262.0 627.0 84.0 627.0 
1 3 0.83 0.83 262.0 146.0 262.0 627.0 84.0 627.0 986.0 144.0 986.0 
1 2 0.54 0.54 379.0 25.0 379.0 363.0 174.0 363.0 
1 3 0.95 0.95 379.0 25.0 379.0 363.0 174.0 363.0 297.0 121.0 297.0 
1 2 0.19 0.19 439.0 19.0 439.0 86.0 13.0 86.0 
1 3 0.26 0.26 439.0 19.0 439.0 86.0 13.0 86.0 439.0 29.0 439.0 
1 4 0.31 0.31 439.0 19.0 439.0 86.0 13.0 86.0 439.0 29.0 439.0 565.0 32.0 565.0 
1 5 0.35 0.35 439.0 19.0 439.0 86.0 13.0 86.0 439.0 29.0 439.0 565.0 32.0 565.0 301.0 11.0 301.0 
1 6 0.95 0.95 439.0 19.0 439.0 86.0 13.0 86.0 439.0 29.0 439.0 565.0 32.0 565.0 301.0 11.0 301.0 488.0 295.0 488.0 
1 2 0.54 0.54 114.0 41.0 114.0 654.0 118.0 654.0 
1 3 0.59 0.59 114.0 41.0 114.0 654.0 118.0 654.0 599.0 30.0 599.0 
1 2 0.68 0.68 817.0 422.0 817.0 922.0 155.0 922.0 
1 2 0.22 0.22 668.0 102.0 668.0 777.0 60.0 777.0 
1 3 0.35 0.35 668.0 102.0 668.0 777.0 60.0 777.0 574.0 72.0 574.0 
1 4 0.37 0.37 668.0 102.0 668.0 777.0 60.0 777.0 574.0 72.0 574.0 894.0 18.0 894.0 
1 5 0.74 0.74 668.0 102.0 668.0 777.0 60.0 777.0 574.0 72.0 574.0 894.0 18.0 894.0 310.0 113.0 310.0 
1 6 0.85 0.85 668.0 102.0 668.0 777.0 60.0 777.0 574.0 72.0 574.0 894.0 18.0 894.0 310.0 113.0 310.0 440.0 52.0 440.0 
1 2 0.67 0.67 811.0 10.0 811.0 84.0 56.0 84.0 
1 3 0.72 0.72 811.0 10.0 811.0 84.0 56.0 84.0 684.0 34.0 684.0 
1 4 0.91 0.91 811.0 10.0 811.0 84.0 56.0 84.0 684.0 34.0 684.0 213.0 39.0 213.0 
1 2 0.34 0.34 409.0 46.0 409.0 289.0 67.0 289.0 
1 3 0.64 0.64 409.0 46.0 409.0 289.0 67.0 289.0 381.0 113.0 381.0 
1 2 0.34 0.34 150.0 4.0 150.0 264.0 84.0 264.0 
1 3 0.59 0.59 150.0 4.0 150.0 264.0 84.0 264.0 869.0 214.0 869.0 
1 2 0.8 0.8 249.0 103.0 249.0 559.0 216.0 559.0 
1 3 0.83 0.83 249.0 103.0 249.0 559.0 216.0 559.0 565.0 20.0 565.0 
1 2 0.83 0.83 152.0 14.0 152.0 193.0 143.0 193.0 
1 2 0.85 0.85 372.0 218.0 372.0 364.0 97.0 364.0 
1 2 0.86 0.86 977.0 416.0 977.0 896.0 397.0 896.0 
1 3 0.94 0.94 977.0 416.0 977.0 896.0 397.0 896.0 314.0 24.0 314.0 
1 2 0.4 0.4 25.0 7.0 25.0 300.0 38.0 300.0 
1 2 0.32 0.32 401.0 103.0 401.0 964.0 68.0 964.0 
1 2 0.59 0.59 2.0 1.0 2.0 916.0 88.0 916.0 
1 3 0.8 0.8 2.0 1.0 2.0 916.0 88.0 916.0 236.0 49.0 236.0 
1 2 0.59 0.59 411.0 245.0 411.0 785.0 2.0 785.0 
1 3 0.77 0.77 411.0 245.0 411.0 785.0 2.0 785.0 899.0 160.0 899.0 
1 4 0.78 0.78 411.0 245.0 411.0 785.0 2.0 785.0 899.0 160.0 899.0 112.0 1.0 112.0 
1 5 0.95 0.95 411.0 245.0 411.0 785.0 2.0 785.0 899.0 160.0 899.0 112.0 1.0 112.0 154.0 26.0 154.0 
1 2 0.24 0.24 829.0 173.0 829.0 369.0 14.0 369.0 
1 3 0.46 0.46 829.0 173.0 829.0 369.0 14.0 369.0 223.0 48.0 223.0 
1 2 0.49 0.49 132.0 36.0 132.0 873.0 196.0 873.0 
1 2 0.07 0.07 431.0 21.0 431.0 654.0 15.0 654.0 
1 3 0.58 0.58 431.0 21.0 431.0 654.0 15.0 654.0 940.0 486.0 940.0 
1 2 0.39 0.39 254.0 61.0 254.0 314.0 48.0 314.0 
1 3 0.5 0.5 254.0 61.0 254.0 314.0 48.0 314.0 104.0 12.0 104.0 
1 4 0.65 0.65 254.0 61.0 254.0 314.0 48.0 314.0 104.0 12.0 104.0 450.0 65.0 450.0 
1 5 0.73 0.73 254.0 61.0 254.0 314.0 48.0 314.0 104.0 12.0 104.0 450.0 65.0 450.0 109.0 9.0 109.0 
1 2 0.45 0.45 775.0 87.0 775.0 977.0 336.0 977.0 
1 3 0.69 0.69 775.0 87.0 775.0 977.0 336.0 977.0 33.0 8.0 33.0 
1 4 0.76 0.76 775.0 87.0 775.0 977.0 336.0 977.0 33.0 8.0 33.0 301.0 20.0 301.0 
1 2 0.68 0.68 775.0 316.0 775.0 857.0 241.0 857.0 
1 3 0.89 0.89 775.0 316.0 775.0 857.0 241.0 857.0 870.0 177.0 870.0 
1 2 0.27 0.27 184.0 42.0 184.0 865.0 44.0 865.0 
1 3 0.54 0.54 184.0 42.0 184.0 865.0 44.0 865.0 896.0 242.0 896.0 
1 4 0.59 0.59 184.0 42.0 184.0 865.0 44.0 865.0 896.0 242.0 896.0 908.0 39.0 908.0 
1 2 0.5 0.5 202.0 9.0 202.0 239.0 110.0 239.0 
1 2 0.46 0.46 329.0 32.0 329.0 74.0 27.0 74.0 
1 3 0.75 0.75 329.0 32.0 329.0 74.0 27.0 74.0 547.0 162.0 547.0 
1 4 0.83 0.83 329.0 32.0 329.0 74.0 27.0 74.0 547.0 162.0 547.0 373.0 30.0 373.0 
1 2 0.84 0.84 882.0 493.0 882.0 342.0 99.0 342.0 
1 3 0.88 0.88 882.0 493.0 882.0 342.0 99.0 342.0 425.0 14.0 425.0 
1 2 0.85 0.85 977.0 203.0 977.0 876.0 565.0 876.0 
1 2 0.54 0.54 243.0 104.0 243.0 607.0 71.0 607.0 
1 2 0.81 0.81 744.0 518.0 744.0 657.0 77.0 657.0 
1 3 0.9 0.9 744.0 518.0 744.0 657.0 77.0 657.0 366.0 34.0 366.0 
1 2 0.77 0.77 259.0 103.0 259.0 595.0 225.0 595.0 
1 3 0.99 0.99 259.0 103.0 259.0 595.0 225.0 595.0 120.0 26.0 120.0 
1 2 0.88 0.88 710.0 104.0 710.0 539.0 399.0 539.0 
1 2 0.56 0.56 276.0 22.0 276.0 525.0 256.0 525.0 
1 3 0.82 0.82 276.0 22.0 276.0 525.0 256.0 525.0 31.0 8.0 31.0 
1 4 0.89 0.89 276.0 22.0 276.0 525.0 256.0 525.0 31.0 8.0 31.0 542.0 36.0 542.0 
1 5 0.9 0.9 276.0 22.0 276.0 525.0 256.0 525.0 31.0 8.0 31.0 542.0 36.0 542.0 98.0 1.0 98.0 
1 2 0.95 0.95 703.0 581.0 703.0 609.0 80.0 609.0 
1 3 0.98 0.98 703.0 581.0 703.0 609.0 80.0 609.0 372.0 10.0 372.0 
1 2 0.56 0.56 470.0 244.0 470.0 999.0 50.0 999.0 
1 3 0.83 0.83 470.0 244.0 470.0 999.0 50.0 999.0 658.0 176.0 658.0 
1 2 0.07 0.07 575.0 32.0 575.0 652.0 12.0 652.0 
1 3 0.43 0.43 575.0 32.0 575.0 652.0 12.0 652.0 567.0 205.0 567.0 
1 4 0.83 0.83 575.0 32.0 575.0 652.0 12.0 652.0 567.0 205.0 567.0 498.0 197.0 498.0 
1 2 0.47 0.47 909.0 145.0 909.0 612.0 192.0 612.0 
1 3 0.5 0.5 909.0 145.0 909.0 612.0 192.0 612.0 496.0 14.0 496.0 
1 2 0.36 0.36 92.0 18.0 92.0 48.0 8.0 48.0 
1 2 0.64 0.64 655.0 316.0 655.0 561.0 89.0 561.0 
1 2 0.3 0.3 884.0 26.0 884.0 745.0 206.0 745.0 
1 3 0.34 0.34 884.0 26.0 884.0 745.0 206.0 745.0 835.0 33.0 835.0 
1 4 0.58 0.58 884.0 26.0 884.0 745.0 206.0 745.0 835.0 33.0 835.0 934.0 224.0 934.0 
1 5 0.99 0.99 884.0 26.0 884.0 745.0 206.0 745.0 835.0 33.0 835.0 934.0 224.0 934.0 136.0 56.0 136.0 
1 2 0.17 0.17 204.0 16.0 204.0 155.0 15.0 155.0 
1 3 0.59 0.59 204.0 16.0 204.0 155.0 15.0 155.0 846.0 353.0 846.0 
1 2 0.32 0.32 765.0 2.0 765.0 144.0 47.0 144.0 
1 2 0.8 0.8 221.0 101.0 221.0 779.0 272.0 779.0 
1 2 0.61 0.61 724.0 90.0 724.0 565.0 280.0 565.0 
1 3 0.8 0.8 724.0 90.0 724.0 565.0 280.0 565.0 817.0 155.0 817.0 
1 2 0.52 0.52 663.0 124.0 663.0 9.0 3.0 9.0 
1 3 0.68 0.68 663.0 124.0 663.0 9.0 3.0 9.0 880.0 145.0 880.0 
1 4 0.92 0.92 663.0 124.0 663.0 9.0 3.0 9.0 880.0 145.0 880.0 786.0 190.0 786.0 
1 2 0.36 0.36 237.0 43.0 237.0 291.0 52.0 291.0 
1 3 0.47 0.47 237.0 43.0 237.0 291.0 52.0 291.0 927.0 111.0 927.0 
1 4 0.71 0.71 237.0 43.0 237.0 291.0 52.0 291.0 927.0 111.0 927.0 740.0 174.0 740.0 
1 5 0.83 0.83 237.0 43.0 237.0 291.0 52.0 291.0 927.0 111.0 927.0 740.0 174.0 740.0 707.0 83.0 707.0 
1 2 0.93 0.93 902.0 73.0 902.0 784.0 668.0 784.0 
1 2 0.53 0.53 738.0 62.0 738.0 787.0 358.0 787.0 
1 3 0.93 0.93 738.0 62.0 738.0 787.0 358.0 787.0 618.0 247.0 618.0 
1 2 0.16 0.16 621.0 38.0 621.0 755.0 75.0 755.0 
1 3 0.29 0.29 621.0 38.0 621.0 755.0 75.0 755.0 660.0 92.0 660.0 
1 4 0.64 0.64 621.0 38.0 621.0 755.0 75.0 755.0 660.0 92.0 660.0 473.0 162.0 473.0 
1 5 0.84 0.84 621.0 38.0 621.0 755.0 75.0 755.0 660.0 92.0 660.0 473.0 162.0 473.0 310.0 64.0 310.0 
1 6 0.92 0.92 621.0 38.0 621.0 755.0 75.0 755.0 660.0 92.0 660.0 473.0 162.0 473.0 310.0 64.0 310.0 283.0 21.0 283.0 
1 2 0.52 0.52 438.0 71.0 438.0 977.0 356.0 977.0 
1 2 0.22 0.22 894.0 189.0 894.0 928.0 12.0 928.0 
1 3 0.27 0.27 894.0 189.0 894.0 928.0 12.0 928.0 422.0 21.0 422.0 
1 4 0.45 0.45 894.0 189.0 894.0 928.0 12.0 928.0 422.0 21.0 422.0 82.0 15.0 82.0 
1 5 0.93 0.93 894.0 189.0 894.0 928.0 12.0 928.0 422.0 21.0 422.0 82.0 15.0 82.0 245.0 118.0 245.0 
1 2 0.1 0.1 154.0 10.0 154.0 553.0 20.0 553.0 
1 3 0.37 0.37 154.0 10.0 154.0 553.0 20.0 553.0 881.0 244.0 881.0 
1 4 0.39 0.39 154.0 10.0 154.0 553.0 20.0 553.0 881.0 244.0 881.0 525.0 8.0 525.0 
1 2 0.16 0.16 304.0 16.0 304.0 826.0 96.0 826.0 
1 3 0.42 0.42 304.0 16.0 304.0 826.0 96.0 826.0 167.0 43.0 167.0 
1 4 0.5 0.5 304.0 16.0 304.0 826.0 96.0 826.0 167.0 43.0 167.0 386.0 30.0 386.0 
1 5 0.51 0.51 304.0 16.0 304.0 826.0 96.0 826.0 167.0 43.0 167.0 386.0 30.0 386.0 833.0 7.0 833.0 
1 6 0.53 0.53 304.0 16.0 304.0 826.0 96.0 826.0 167.0 43.0 167.0 386.0 30.0 386.0 833.0 7.0 833.0 405.0 10.0 405.0 
1 7 0.9 0.9 304.0 16.0 304.0 826.0 96.0 826.0 167.0 43.0 167.0 386.0 30.0 386.0 833.0 7.0 833.0 405.0 10.0 405.0 405.0 151.0 405.0 
1 2 0.8 0.8 760.0 355.0 760.0 807.0 273.0 807.0 
1 2 0.81 0.81 483.0 16.0 483.0 996.0 776.0 996.0 
1 2 0.44 0.44 472.0 74.0 472.0 632.0 184.0 632.0 
1 3 0.96 0.96 472.0 74.0 472.0 632.0 184.0 632.0 124.0 64.0 124.0 
1 2 0.27 0.27 78.0 6.0 78.0 532.0 106.0 532.0 
1 3 0.73 0.73 78.0 6.0 78.0 532.0 106.0 532.0 842.0 384.0 842.0 
1 4 0.91 0.91 78.0 6.0 78.0 532.0 106.0 532.0 842.0 384.0 842.0 45.0 8.0 45.0 
1 5 0.98 0.98 78.0 6.0 78.0 532.0 106.0 532.0 842.0 384.0 842.0 45.0 8.0 45.0 449.0 32.0 449.0 
1 2 0.81 0.81 265.0 152.0 265.0 108.0 26.0 108.0 
1 2 0.22 0.22 148.0 4.0 148.0 178.0 36.0 178.0 
1 3 0.99 0.99 148.0 4.0 148.0 178.0 36.0 178.0 752.0 577.0 752.0 
1 2 0.98 0.98 56.0 17.0 56.0 511.0 347.0 511.0 
1 2 0.64 0.64 668.0 235.0 668.0 866.0 256.0 866.0 
1 2 0.14 0.14 159.0 6.0 159.0 671.0 73.0 671.0 
1 3 0.71 0.71 159.0 6.0 159.0 671.0 73.0 671.0 455.0 259.0 455.0 
1 4 0.99 0.99 159.0 6.0 159.0 671.0 73.0 671.0 455.0 259.0 455.0 314.0 89.0 314.0 
1 2 0.24 0.24 793.0 125.0 793.0 311.0 26.0 311.0 
1 3 0.94 0.94 793.0 125.0 793.0 311.0 26.0 311.0 390.0 276.0 390.0 
1 2 0.37 0.37 56.0 19.0 56.0 127.0 4.0 127.0 
1 3 0.95 0.95 56.0 19.0 56.0 127.0 4.0 127.0 958.0 564.0 958.0 
1 2 0.21 0.21 515.0 11.0 515.0 985.0 192.0 985.0 
1 3 0.63 0.63 515.0 11.0 515.0 985.0 192.0 985.0 858.0 362.0 858.0 
1 2 0.99 0.99 486.0 225.0 486.0 367.0 196.0 367.0 
1 2 0.45 0.45 64.0 7.0 64.0 801.0 274.0 801.0 
1 3 0.95 0.95 64.0 7.0 64.0 801.0 274.0 801.0 82.0 41.0 82.0 
1 4 0.98 0.98 64.0 7.0 64.0 801.0 274.0 801.0 82.0 41.0 82.0 816.0 28.0 816.0 
1 2 0.87 0.87 573.0 262.0 573.0 43.0 18.0 43.0 
1 2 0.33 0.33 86.0 23.0 86.0 587.0 38.0 587.0 
1 3 0.63 0.63 86.0 23.0 86.0 587.0 38.0 587.0 599.0 181.0 599.0 
1 4 0.79 0.79 86.0 23.0 86.0 587.0 38.0 587.0 599.0 181.0 599.0 506.0 79.0 506.0 
1 5 0.84 0.84 86.0 23.0 86.0 587.0 38.0 587.0 599.0 181.0 599.0 506.0 79.0 506.0 230.0 13.0 230.0 
1 2 0.69 0.69 803.0 357.0 803.0 234.0 58.0 234.0 
1 3 0.77 0.77 803.0 357.0 803.0 234.0 58.0 234.0 821.0 66.0 821.0 
1 4 0.89 0.89 803.0 357.0 803.0 234.0 58.0 234.0 821.0 66.0 821.0 723.0 90.0 723.0 
1 2 0.86 0.86 353.0 173.0 353.0 722.0 268.0 722.0 
1 2 0.89 0.89 968.0 308.0 968.0 258.0 150.0 258.0 
1 2 0.15 0.15 177.0 5.0 177.0 547.0 68.0 547.0 
1 3 0.89 0.89 177.0 5.0 177.0 547.0 68.0 547.0 844.0 623.0 844.0 
1 2 0.71 0.71 138.0 4.0 138.0 865.0 592.0 865.0 
1 2 0.7 0.7 303.0 88.0 303.0 722.0 299.0 722.0 
1 3 0.7 0.7 303.0 88.0 303.0 722.0 299.0 722.0 384.0 2.0 384.0 
1 2 0.32 0.32 34.0 11.0 34.0 932.0 2.0 932.0 
1 2 0.44 0.44 465.0 96.0 465.0 261.0 63.0 261.0 
1 2 0.51 0.51 796.0 189.0 796.0 111.0 31.0 111.0 
1 3 0.56 0.56 796.0 189.0 796.0 111.0 31.0 111.0 195.0 10.0 195.0 
1 2 0.91 0.91 774.0 473.0 774.0 374.0 115.0 374.0 
1 2 0.7 0.7 579.0 186.0 579.0 466.0 181.0 466.0 
1 3 0.72 0.72 579.0 186.0 579.0 466.0 181.0 466.0 952.0 19.0 952.0 
1 4 0.96 0.96 579.0 186.0 579.0 466.0 181.0 466.0 952.0 19.0 952.0 105.0 25.0 105.0 
1 2 0.43 0.43 313.0 90.0 313.0 221.0 32.0 221.0 
1 3 0.73 0.73 313.0 90.0 313.0 221.0 32.0 221.0 177.0 53.0 177.0 
1 2 0.41 0.41 220.0 47.0 220.0 45.0 9.0 45.0 
1 3 0.46 0.46 220.0 47.0 220.0 45.0 9.0 45.0 816.0 42.0 816.0 
1 2 0.89 0.89 934.0 551.0 934.0 741.0 225.0 741.0 
1 2 0.08 0.08 390.0 11.0 390.0 806.0 48.0 806.0 
1 3 0.4 0.4 390.0 11.0 390.0 806.0 48.0 806.0 388.0 123.0 388.0 
1 4 0.63 0.63 390.0 11.0 390.0 806.0 48.0 806.0 388.0 123.0 388.0 789.0 184.0 789.0 
1 5 0.81 0.81 390.0 11.0 390.0 806.0 48.0 806.0 388.0 123.0 388.0 789.0 184.0 789.0 502.0 87.0 502.0 
1 2 0.36 0.36 87.0 27.0 87.0 284.0 16.0 284.0 
1 3 0.44 0.44 87.0 27.0 87.0 284.0 16.0 284.0 40.0 3.0 40.0 
1 4 0.63 0.63 87.0 27.0 87.0 284.0 16.0 284.0 40.0 3.0 40.0 629.0 123.0 629.0 
1 5 0.63 0.63 87.0 27.0 87.0 284.0 16.0 284.0 40.0 3.0 40.0 629.0 123.0 629.0 860.0 1.0 860.0 
1 2 0.91 0.91 545.0 139.0 545.0 128.0 84.0 128.0 
1 3 0.99 0.99 545.0 139.0 545.0 128.0 84.0 128.0 544.0 47.0 544.0 
1 2 0.62 0.62 829.0 135.0 829.0 457.0 209.0 457.0 
1 2 0.88 0.88 523.0 328.0 523.0 794.0 201.0 794.0 
1 3 0.95 0.95 523.0 328.0 523.0 794.0 201.0 794.0 399.0 31.0 399.0 
1 2 0.88 0.88 112.0 71.0 112.0 885.0 222.0 885.0 
1 3 0.9 0.9 112.0 71.0 112.0 885.0 222.0 885.0 422.0 8.0 422.0 
1 2 0.74 0.74 918.0 506.0 918.0 400.0 79.0 400.0 
1 2 0.8 0.8 571.0 392.0 571.0 106.0 13.0 106.0 
1 2 0.2 0.2 585.0 41.0 585.0 37.0 5.0 37.0 
1 3 0.37 0.37 585.0 41.0 585.0 37.0 5.0 37.0 136.0 23.0 136.0 
1 4 0.39 0.39 585.0 41.0 585.0 37.0 5.0 37.0 136.0 23.0 136.0 834.0 14.0 834.0 
1 2 0.23 0.23 421.0 31.0 421.0 776.0 129.0 776.0 
1 3 0.88 0.88 421.0 31.0 421.0 776.0 129.0 776.0 40.0 26.0 40.0 
1 2 0.61 0.61 606.0 206.0 606.0 447.0 123.0 447.0 
1 3 0.7 0.7 606.0 206.0 606.0 447.0 123.0 447.0 563.0 51.0 563.0 
1 4 0.71 0.71 606.0 206.0 606.0 447.0 123.0 447.0 563.0 51.0 563.0 668.0 8.0 668.0 
1 2 0.36 0.36 90.0 14.0 90.0 242.0 50.0 242.0 
1 3 0.61 0.61 90.0 14.0 90.0 242.0 50.0 242.0 984.0 247.0 984.0 
1 4 0.63 0.63 90.0 14.0 90.0 242.0 50.0 242.0 984.0 247.0 984.0 452.0 12.0 452.0 
1 5 0.83 0.83 90.0 14.0 90.0 242.0 50.0 242.0 984.0 247.0 984.0 452.0 12.0 452.0 339.0 65.0 339.0 
1 2 0.49 0.49 441.0 203.0 441.0 898.0 32.0 898.0 
1 2 0.36 0.36 822.0 206.0 822.0 756.0 90.0 756.0 
1 3 0.7 0.7 822.0 206.0 822.0 756.0 90.0 756.0 140.0 47.0 140.0 
1 2 0.59 0.59 734.0 19.0 734.0 664.0 376.0 664.0 
1 3 0.85 0.85 734.0 19.0 734.0 664.0 376.0 664.0 344.0 92.0 344.0 
1 2 0.36 0.36 394.0 130.0 394.0 300.0 10.0 300.0 
1 3 0.53 0.53 394.0 130.0 394.0 300.0 10.0 300.0 616.0 104.0 616.0 
1 4 0.7 0.7 394.0 130.0 394.0 300.0 10.0 300.0 616.0 104.0 616.0 824.0 140.0 824.0 
1 2 0.76 0.76 958.0 455.0 958.0 195.0 56.0 195.0 
1 2 0.33 0.33 227.0 42.0 227.0 254.0 38.0 254.0 
1 2 0.98 0.98 765.0 502.0 765.0 343.0 113.0 343.0 
1 2 0.34 0.34 484.0 123.0 484.0 958.0 85.0 958.0 
1 3 0.54 0.54 484.0 123.0 484.0 958.0 85.0 958.0 762.0 152.0 762.0 
1 4 0.57 0.57 484.0 123.0 484.0 958.0 85.0 958.0 762.0 152.0 762.0 438.0 15.0 438.0 
1 2 0.47 0.47 99.0 19.0 99.0 235.0 67.0 235.0 
1 3 0.56 0.56 99.0 19.0 99.0 235.0 67.0 235.0 978.0 83.0 978.0 
1 4 0.63 0.63 99.0 19.0 99.0 235.0 67.0 235.0 978.0 83.0 978.0 694.0 51.0 694.0 
1 2 0.05 0.05 261.0 2.0 261.0 399.0 18.0 399.0 
1 3 0.05 0.05 261.0 2.0 261.0 399.0 18.0 399.0 634.0 2.0 634.0 
1 4 0.48 0.48 261.0 2.0 261.0 399.0 18.0 399.0 634.0 2.0 634.0 414.0 179.0 414.0 
1 5 0.94 0.94 261.0 2.0 261.0 399.0 18.0 399.0 634.0 2.0 634.0 414.0 179.0 414.0 561.0 258.0 561.0 
1 2 0.66 0.66 114.0 20.0 114.0 631.0 307.0 631.0 
1 2 0.42 0.42 858.0 140.0 858.0 885.0 232.0 885.0 
1 3 0.9 0.9 858.0 140.0 858.0 885.0 232.0 885.0 642.0 309.0 642.0 
1 2 0.47 0.47 370.0 48.0 370.0 75.0 26.0 75.0 
1 3 0.49 0.49 370.0 48.0 370.0 75.0 26.0 75.0 529.0 11.0 529.0 
1 2 0.85 0.85 674.0 93.0 674.0 378.0 271.0 378.0 
1 2 0.69 0.69 310.0 175.0 310.0 134.0 17.0 134.0 
1 2 0.78 0.78 504.0 176.0 504.0 998.0 435.0 998.0 
1 2 0.73 0.73 435.0 110.0 435.0 587.0 281.0 587.0 
1 2 0.33 0.33 282.0 28.0 282.0 915.0 218.0 915.0 
1 3 0.64 0.64 282.0 28.0 282.0 915.0 218.0 915.0 848.0 261.0 848.0 
1 4 0.97 0.97 282.0 28.0 282.0 915.0 218.0 915.0 848.0 261.0 848.0 900.0 293.0 900.0 
1 2 0.18 0.18 551.0 24.0 551.0 179.0 25.0 179.0 
1 3 0.45 0.45 551.0 24.0 551.0 179.0 25.0 179.0 902.0 244.0 902.0 
1 4 0.81 0.81 551.0 24.0 551.0 179.0 25.0 179.0 902.0 244.0 902.0 170.0 61.0 170.0 
1 2 0.94 0.94 126.0 85.0 126.0 48.0 13.0 48.0 
1 2 0.64 0.64 969.0 34.0 969.0 656.0 402.0 656.0 
1 3 0.8 0.8 969.0 34.0 969.0 656.0 402.0 656.0 193.0 30.0 193.0 
1 2 0.67 0.67 835.0 543.0 835.0 523.0 13.0 523.0 
1 2 0.53 0.53 97.0 13.0 97.0 510.0 207.0 510.0 
1 3 0.89 0.89 97.0 13.0 97.0 510.0 207.0 510.0 563.0 201.0 563.0 
1 2 0.44 0.44 808.0 11.0 808.0 405.0 176.0 405.0 
1 3 0.83 0.83 808.0 11.0 808.0 405.0 176.0 405.0 826.0 323.0 826.0 
1 4 0.97 0.97 808.0 11.0 808.0 405.0 176.0 405.0 826.0 323.0 826.0 51.0 7.0 51.0 
1 2 0.57 0.57 513.0 155.0 513.0 274.0 75.0 274.0 
1 3 0.77 0.77 513.0 155.0 513.0 274.0 75.0 274.0 506.0 102.0 506.0 
1 4 0.9 0.9 513.0 155.0 513.0 274.0 75.0 274.0 506.0 102.0 506.0 289.0 38.0 289.0 
1 2 0.79 0.79 424.0 106.0 424.0 966.0 528.0 966.0 
1 3 0.86 0.86 424.0 106.0 424.0 966.0 528.0 966.0 573.0 40.0 573.0 
1 2 0.66 0.66 224.0 117.0 224.0 750.0 110.0 750.0 
1 3 0.67 0.67 224.0 117.0 224.0 750.0 110.0 750.0 490.0 4.0 490.0 
1 2 0.68 0.68 534.0 97.0 534.0 350.0 177.0 350.0 
1 2 0.57 0.57 406.0 160.0 406.0 278.0 49.0 278.0 
1 3 0.97 0.97 406.0 160.0 406.0 278.0 49.0 278.0 5.0 2.0 5.0 
1 2 0.04 0.04 192.0 3.0 192.0 627.0 18.0 627.0 
1 3 0.44 0.44 192.0 3.0 192.0 627.0 18.0 627.0 132.0 53.0 132.0 
1 4 0.71 0.71 192.0 3.0 192.0 627.0 18.0 627.0 132.0 53.0 132.0 870.0 234.0 870.0 
1 2 0.97 0.97 556.0 200.0 556.0 954.0 591.0 954.0 
1 2 0.14 0.14 775.0 69.0 775.0 283.0 15.0 283.0 
1 3 0.37 0.37 775.0 69.0 775.0 283.0 15.0 283.0 725.0 171.0 725.0 
1 4 0.74 0.74 775.0 69.0 775.0 283.0 15.0 283.0 725.0 171.0 725.0 90.0 33.0 90.0 
1 2 0.07 0.07 389.0 5.0 389.0 941.0 61.0 941.0 
1 3 0.26 0.26 389.0 5.0 389.0 941.0 61.0 941.0 520.0 95.0 520.0 
1 4 0.32 0.32 389.0 5.0 389.0 941.0 61.0 941.0 520.0 95.0 520.0 32.0 2.0 32.0 
1 5 0.68 0.68 389.0 5.0 389.0 941.0 61.0 941.0 520.0 95.0 520.0 32.0 2.0 32.0 407.0 147.0 407.0 
1 2 0.87 0.87 807.0 511.0 807.0 627.0 150.0 627.0 
1 2 0.57 0.57 319.0 9.0 319.0 838.0 457.0 838.0 
1 3 0.83 0.83 319.0 9.0 319.0 838.0 457.0 838.0 19.0 5.0 19.0 
1 4 0.9 0.9 319.0 9.0 319.0 838.0 457.0 838.0 19.0 5.0 19.0 335.0 22.0 335.0 
1 2 0.54 0.54 276.0 86.0 276.0 449.0 107.0 449.0 
1 2 0.89 0.89 50.0 9.0 50.0 802.0 572.0 802.0 
1 2 0.07 0.07 220.0 4.0 220.0 537.0 31.0 537.0 
1 3 0.45 0.45 220.0 4.0 220.0 537.0 31.0 537.0 781.0 293.0 781.0 
1 4 0.67 0.67 220.0 4.0 220.0 537.0 31.0 537.0 781.0 293.0 781.0 641.0 143.0 641.0 
1 5 0.83 0.83 220.0 4.0 220.0 537.0 31.0 537.0 781.0 293.0 781.0 641.0 143.0 641.0 131.0 21.0 131.0 
1 2 0.87 0.87 289.0 168.0 289.0 536.0 155.0 536.0 
1 2 0.35 0.35 439.0 152.0 439.0 716.0 7.0 716.0 
1 3 0.45 0.45 439.0 152.0 439.0 716.0 7.0 716.0 393.0 39.0 393.0 
1 4 0.47 0.47 439.0 152.0 439.0 716.0 7.0 716.0 393.0 39.0 393.0 730.0 13.0 730.0 
1 5 0.7 0.7 439.0 152.0 439.0 716.0 7.0 716.0 393.0 39.0 393.0 730.0 13.0 730.0 847.0 199.0 847.0 
1 6 0.76 0.76 439.0 152.0 439.0 716.0 7.0 716.0 393.0 39.0 393.0 730.0 13.0 730.0 847.0 199.0 847.0 908.0 55.0 908.0 
1 2 0.75 0.75 731.0 422.0 731.0 925.0 165.0 925.0 
1 3 0.9 0.9 731.0 422.0 731.0 925.0 165.0 925.0 909.0 132.0 909.0 
1 2 0.7 0.7 795.0 181.0 795.0 995.0 470.0 995.0 
1 3 0.88 0.88 795.0 181.0 795.0 995.0 470.0 995.0 168.0 31.0 168.0 
1 2 0.48 0.48 931.0 295.0 931.0 606.0 101.0 606.0 
1 2 0.12 0.12 128.0 15.0 128.0 873.0 10.0 873.0 
1 3 0.17 0.17 128.0 15.0 128.0 873.0 10.0 873.0 900.0 38.0 900.0 
1 4 0.73 0.73 128.0 15.0 128.0 873.0 10.0 873.0 900.0 38.0 900.0 596.0 334.0 596.0 
1 5 0.98 0.98 128.0 15.0 128.0 873.0 10.0 873.0 900.0 38.0 900.0 596.0 334.0 596.0 979.0 249.0 979.0 
1 2 0.85 0.85 108.0 48.0 108.0 748.0 308.0 748.0 
