1 2 0.82 0.82 653.0 406.0 653.0 460.0 93.0 460.0 
1 2 0.94 0.94 229.0 2.0 229.0 244.0 228.0 244.0 
1 2 0.15 0.15 302.0 41.0 302.0 151.0 3.0 151.0 
1 3 0.52 0.52 302.0 41.0 302.0 151.0 3.0 151.0 354.0 130.0 354.0 
1 2 0.5 0.5 909.0 153.0 909.0 922.0 310.0 922.0 
1 3 0.84 0.84 909.0 153.0 909.0 922.0 310.0 922.0 144.0 49.0 144.0 
1 4 0.89 0.89 909.0 153.0 909.0 922.0 310.0 922.0 144.0 49.0 144.0 656.0 35.0 656.0 
1 5 0.94 0.94 909.0 153.0 909.0 922.0 310.0 922.0 144.0 49.0 144.0 656.0 35.0 656.0 86.0 4.0 86.0 
1 6 0.95 0.95 909.0 153.0 909.0 922.0 310.0 922.0 144.0 49.0 144.0 656.0 35.0 656.0 86.0 4.0 86.0 384.0 4.0 384.0 
1 7 0.98 0.98 909.0 153.0 909.0 922.0 310.0 922.0 144.0 49.0 144.0 656.0 35.0 656.0 86.0 4.0 86.0 384.0 4.0 384.0 37.0 1.0 37.0 
1 2 0.53 0.53 683.0 164.0 683.0 832.0 246.0 832.0 
1 2 0.69 0.69 747.0 196.0 747.0 375.0 164.0 375.0 
1 3 0.89 0.89 747.0 196.0 747.0 375.0 164.0 375.0 309.0 60.0 309.0 
1 2 0.67 0.67 382.0 11.0 382.0 240.0 156.0 240.0 
1 2 0.55 0.55 147.0 7.0 147.0 406.0 208.0 406.0 
1 3 0.84 0.84 147.0 7.0 147.0 406.0 208.0 406.0 683.0 194.0 683.0 
1 2 0.25 0.25 548.0 37.0 548.0 739.0 137.0 739.0 
1 3 0.45 0.45 548.0 37.0 548.0 739.0 137.0 739.0 58.0 12.0 58.0 
1 2 0.48 0.48 857.0 37.0 857.0 719.0 316.0 719.0 
1 3 0.5 0.5 857.0 37.0 857.0 719.0 316.0 719.0 154.0 3.0 154.0 
1 4 0.74 0.74 857.0 37.0 857.0 719.0 316.0 719.0 154.0 3.0 154.0 761.0 184.0 761.0 
1 5 0.8 0.8 857.0 37.0 857.0 719.0 316.0 719.0 154.0 3.0 154.0 761.0 184.0 761.0 111.0 7.0 111.0 
1 6 0.91 0.91 857.0 37.0 857.0 719.0 316.0 719.0 154.0 3.0 154.0 761.0 184.0 761.0 111.0 7.0 111.0 353.0 37.0 353.0 
1 2 0.3 0.3 313.0 17.0 313.0 940.0 234.0 940.0 
1 3 0.37 0.37 313.0 17.0 313.0 940.0 234.0 940.0 705.0 54.0 705.0 
1 4 0.96 0.96 313.0 17.0 313.0 940.0 234.0 940.0 705.0 54.0 705.0 39.0 23.0 39.0 
1 2 0.57 0.57 260.0 136.0 260.0 146.0 7.0 146.0 
1 3 0.83 0.83 260.0 136.0 260.0 146.0 7.0 146.0 929.0 245.0 929.0 
1 4 0.92 0.92 260.0 136.0 260.0 146.0 7.0 146.0 929.0 245.0 929.0 1000.0 92.0 1000.0 
1 2 0.76 0.76 315.0 63.0 315.0 788.0 444.0 788.0 
1 2 0.62 0.62 951.0 242.0 951.0 958.0 356.0 958.0 
1 3 0.86 0.86 951.0 242.0 951.0 958.0 356.0 958.0 646.0 155.0 646.0 
1 2 0.85 0.85 538.0 296.0 538.0 523.0 160.0 523.0 
1 3 0.97 0.97 538.0 296.0 538.0 523.0 160.0 523.0 209.0 24.0 209.0 
1 2 0.7 0.7 240.0 57.0 240.0 932.0 436.0 932.0 
1 2 0.92 0.92 466.0 149.0 466.0 271.0 164.0 271.0 
1 2 0.54 0.54 199.0 20.0 199.0 837.0 373.0 837.0 
1 3 0.96 0.96 199.0 20.0 199.0 837.0 373.0 837.0 556.0 234.0 556.0 
1 2 0.55 0.55 1000.0 84.0 1000.0 489.0 229.0 489.0 
1 3 0.76 0.76 1000.0 84.0 1000.0 489.0 229.0 489.0 389.0 84.0 389.0 
1 2 0.78 0.78 330.0 57.0 330.0 749.0 455.0 749.0 
1 3 0.93 0.93 330.0 57.0 330.0 749.0 455.0 749.0 488.0 77.0 488.0 
1 4 0.99 0.99 330.0 57.0 330.0 749.0 455.0 749.0 488.0 77.0 488.0 848.0 49.0 848.0 
1 2 0.36 0.36 948.0 346.0 948.0 663.0 1.0 663.0 
1 3 0.41 0.41 948.0 346.0 948.0 663.0 1.0 663.0 225.0 11.0 225.0 
1 2 0.85 0.85 721.0 36.0 721.0 204.0 164.0 204.0 
1 2 0.64 0.64 756.0 448.0 756.0 792.0 43.0 792.0 
1 2 0.56 0.56 376.0 198.0 376.0 123.0 5.0 123.0 
1 3 0.98 0.98 376.0 198.0 376.0 123.0 5.0 123.0 993.0 418.0 993.0 
1 2 0.59 0.59 690.0 62.0 690.0 647.0 324.0 647.0 
1 3 0.63 0.63 690.0 62.0 690.0 647.0 324.0 647.0 406.0 17.0 406.0 
1 4 0.84 0.84 690.0 62.0 690.0 647.0 324.0 647.0 406.0 17.0 406.0 160.0 34.0 160.0 
1 2 0.06 0.06 173.0 5.0 173.0 956.0 34.0 956.0 
1 3 0.47 0.47 173.0 5.0 173.0 956.0 34.0 956.0 494.0 201.0 494.0 
1 2 0.94 0.94 328.0 167.0 328.0 25.0 11.0 25.0 
1 2 0.65 0.65 843.0 304.0 843.0 713.0 213.0 713.0 
1 3 0.87 0.87 843.0 304.0 843.0 713.0 213.0 713.0 581.0 123.0 581.0 
1 2 0.49 0.49 130.0 28.0 130.0 351.0 98.0 351.0 
1 2 0.72 0.72 866.0 6.0 866.0 366.0 261.0 366.0 
1 3 0.92 0.92 866.0 6.0 866.0 366.0 261.0 366.0 466.0 97.0 466.0 
1 4 0.95 0.95 866.0 6.0 866.0 366.0 261.0 366.0 466.0 97.0 466.0 210.0 5.0 210.0 
1 2 0.77 0.77 222.0 137.0 222.0 313.0 48.0 313.0 
1 2 0.73 0.73 745.0 169.0 745.0 532.0 272.0 532.0 
1 3 0.79 0.79 745.0 169.0 745.0 532.0 272.0 532.0 260.0 16.0 260.0 
1 2 0.37 0.37 635.0 126.0 635.0 210.0 38.0 210.0 
1 3 0.39 0.39 635.0 126.0 635.0 210.0 38.0 210.0 240.0 3.0 240.0 
1 4 0.54 0.54 635.0 126.0 635.0 210.0 38.0 210.0 240.0 3.0 240.0 741.0 111.0 741.0 
1 5 0.75 0.75 635.0 126.0 635.0 210.0 38.0 210.0 240.0 3.0 240.0 741.0 111.0 741.0 257.0 55.0 257.0 
1 6 0.89 0.89 635.0 126.0 635.0 210.0 38.0 210.0 240.0 3.0 240.0 741.0 111.0 741.0 257.0 55.0 257.0 512.0 73.0 512.0 
1 2 0.96 0.96 625.0 92.0 625.0 945.0 777.0 945.0 
1 2 0.61 0.61 268.0 31.0 268.0 636.0 315.0 636.0 
1 3 0.62 0.62 268.0 31.0 268.0 636.0 315.0 636.0 265.0 5.0 265.0 
1 2 0.88 0.88 509.0 384.0 509.0 121.0 16.0 121.0 
1 3 0.97 0.97 509.0 384.0 509.0 121.0 16.0 121.0 869.0 76.0 869.0 
1 2 0.57 0.57 807.0 79.0 807.0 922.0 436.0 922.0 
1 2 0.85 0.85 405.0 18.0 405.0 958.0 775.0 958.0 
1 2 0.68 0.68 811.0 299.0 811.0 341.0 108.0 341.0 
1 3 0.72 0.72 811.0 299.0 811.0 341.0 108.0 341.0 23.0 1.0 23.0 
1 2 0.82 0.82 165.0 26.0 165.0 66.0 44.0 66.0 
1 3 0.99 0.99 165.0 26.0 165.0 66.0 44.0 66.0 117.0 20.0 117.0 
1 2 0.78 0.78 846.0 303.0 846.0 309.0 132.0 309.0 
1 2 0.81 0.81 257.0 118.0 257.0 325.0 115.0 325.0 
1 3 0.96 0.96 257.0 118.0 257.0 325.0 115.0 325.0 867.0 132.0 867.0 
1 2 0.95 0.95 419.0 388.0 419.0 340.0 10.0 340.0 
1 2 0.67 0.67 148.0 48.0 148.0 986.0 345.0 986.0 
1 3 0.98 0.98 148.0 48.0 148.0 986.0 345.0 986.0 130.0 40.0 130.0 
1 2 0.46 0.46 613.0 232.0 613.0 841.0 72.0 841.0 
1 2 0.3 0.3 775.0 191.0 775.0 618.0 36.0 618.0 
1 3 0.7 0.7 775.0 191.0 775.0 618.0 36.0 618.0 134.0 53.0 134.0 
1 4 0.87 0.87 775.0 191.0 775.0 618.0 36.0 618.0 134.0 53.0 134.0 80.0 14.0 80.0 
1 2 0.78 0.78 734.0 308.0 734.0 574.0 209.0 574.0 
1 3 0.84 0.84 734.0 308.0 734.0 574.0 209.0 574.0 622.0 38.0 622.0 
1 2 0.28 0.28 966.0 180.0 966.0 919.0 93.0 919.0 
1 3 0.29 0.29 966.0 180.0 966.0 919.0 93.0 919.0 712.0 5.0 712.0 
1 4 0.56 0.56 966.0 180.0 966.0 919.0 93.0 919.0 712.0 5.0 712.0 233.0 64.0 233.0 
1 2 0.62 0.62 864.0 428.0 864.0 15.0 2.0 15.0 
1 3 0.94 0.94 864.0 428.0 864.0 15.0 2.0 15.0 883.0 281.0 883.0 
1 2 0.45 0.45 620.0 244.0 620.0 848.0 51.0 848.0 
1 3 0.59 0.59 620.0 244.0 620.0 848.0 51.0 848.0 528.0 76.0 528.0 
1 4 0.72 0.72 620.0 244.0 620.0 848.0 51.0 848.0 528.0 76.0 528.0 662.0 82.0 662.0 
1 2 0.71 0.71 115.0 27.0 115.0 604.0 292.0 604.0 
1 2 0.38 0.38 993.0 226.0 993.0 763.0 117.0 763.0 
1 3 0.42 0.42 993.0 226.0 993.0 763.0 117.0 763.0 909.0 38.0 909.0 
1 4 0.55 0.55 993.0 226.0 993.0 763.0 117.0 763.0 909.0 38.0 909.0 887.0 119.0 887.0 
1 2 0.39 0.39 339.0 107.0 339.0 835.0 63.0 835.0 
1 3 0.45 0.45 339.0 107.0 339.0 835.0 63.0 835.0 418.0 26.0 418.0 
1 2 0.53 0.53 804.0 190.0 804.0 647.0 192.0 647.0 
1 3 0.61 0.61 804.0 190.0 804.0 647.0 192.0 647.0 339.0 27.0 339.0 
1 4 0.78 0.78 804.0 190.0 804.0 647.0 192.0 647.0 339.0 27.0 339.0 951.0 163.0 951.0 
1 2 0.19 0.19 126.0 1.0 126.0 375.0 72.0 375.0 
1 3 0.5 0.5 126.0 1.0 126.0 375.0 72.0 375.0 465.0 140.0 465.0 
1 4 0.75 0.75 126.0 1.0 126.0 375.0 72.0 375.0 465.0 140.0 465.0 638.0 164.0 638.0 
1 2 0.42 0.42 330.0 3.0 330.0 279.0 116.0 279.0 
1 3 0.46 0.46 330.0 3.0 330.0 279.0 116.0 279.0 507.0 22.0 507.0 
1 4 0.71 0.71 330.0 3.0 330.0 279.0 116.0 279.0 507.0 22.0 507.0 154.0 38.0 154.0 
1 2 0.94 0.94 777.0 522.0 777.0 124.0 34.0 124.0 
1 3 0.98 0.98 777.0 522.0 777.0 124.0 34.0 124.0 666.0 23.0 666.0 
1 2 0.25 0.25 819.0 98.0 819.0 912.0 120.0 912.0 
1 2 0.49 0.49 298.0 129.0 298.0 861.0 55.0 861.0 
1 3 0.96 0.96 298.0 129.0 298.0 861.0 55.0 861.0 613.0 288.0 613.0 
1 2 0.64 0.64 48.0 18.0 48.0 338.0 92.0 338.0 
1 2 0.27 0.27 370.0 55.0 370.0 892.0 115.0 892.0 
1 3 0.65 0.65 370.0 55.0 370.0 892.0 115.0 892.0 730.0 274.0 730.0 
1 2 0.03 0.03 217.0 2.0 217.0 233.0 6.0 233.0 
1 3 0.8 0.8 217.0 2.0 217.0 233.0 6.0 233.0 872.0 668.0 872.0 
1 4 0.95 0.95 217.0 2.0 217.0 233.0 6.0 233.0 872.0 668.0 872.0 13.0 2.0 13.0 
1 2 0.6 0.6 993.0 576.0 993.0 451.0 13.0 451.0 
1 2 0.39 0.39 380.0 58.0 380.0 657.0 161.0 657.0 
1 3 0.74 0.74 380.0 58.0 380.0 657.0 161.0 657.0 859.0 300.0 859.0 
1 4 0.89 0.89 380.0 58.0 380.0 657.0 161.0 657.0 859.0 300.0 859.0 437.0 63.0 437.0 
1 2 0.8 0.8 458.0 242.0 458.0 310.0 85.0 310.0 
1 3 0.98 0.98 458.0 242.0 458.0 310.0 85.0 310.0 910.0 170.0 910.0 
1 2 0.78 0.78 216.0 1.0 216.0 284.0 223.0 284.0 
1 2 0.62 0.62 253.0 94.0 253.0 244.0 61.0 244.0 
1 2 0.49 0.49 386.0 84.0 386.0 43.0 12.0 43.0 
1 3 0.98 0.98 386.0 84.0 386.0 43.0 12.0 43.0 734.0 359.0 734.0 
1 2 0.61 0.61 125.0 19.0 125.0 330.0 153.0 330.0 
1 3 0.78 0.78 125.0 19.0 125.0 330.0 153.0 330.0 6.0 1.0 6.0 
1 2 0.62 0.62 547.0 337.0 547.0 253.0 1.0 253.0 
1 2 0.47 0.47 224.0 2.0 224.0 899.0 422.0 899.0 
1 3 0.81 0.81 224.0 2.0 224.0 899.0 422.0 899.0 967.0 327.0 967.0 
1 2 0.92 0.92 756.0 426.0 756.0 572.0 207.0 572.0 
1 2 0.63 0.63 818.0 278.0 818.0 144.0 42.0 144.0 
1 3 0.79 0.79 818.0 278.0 818.0 144.0 42.0 144.0 188.0 30.0 188.0 
1 4 0.83 0.83 818.0 278.0 818.0 144.0 42.0 144.0 188.0 30.0 188.0 442.0 21.0 442.0 
1 2 0.94 0.94 764.0 90.0 764.0 319.0 264.0 319.0 
1 2 0.98 0.98 512.0 170.0 512.0 934.0 607.0 934.0 
1 2 0.97 0.97 182.0 13.0 182.0 270.0 245.0 270.0 
1 3 0.99 0.99 182.0 13.0 182.0 270.0 245.0 270.0 351.0 4.0 351.0 
1 2 0.08 0.08 716.0 47.0 716.0 694.0 16.0 694.0 
1 3 0.5 0.5 716.0 47.0 716.0 694.0 16.0 694.0 492.0 204.0 492.0 
1 4 0.58 0.58 716.0 47.0 716.0 694.0 16.0 694.0 492.0 204.0 492.0 649.0 54.0 649.0 
1 2 0.97 0.97 602.0 272.0 602.0 636.0 332.0 636.0 
1 3 0.97 0.97 602.0 272.0 602.0 636.0 332.0 636.0 498.0 3.0 498.0 
1 2 0.86 0.86 39.0 11.0 39.0 774.0 449.0 774.0 
1 3 0.97 0.97 39.0 11.0 39.0 774.0 449.0 774.0 256.0 29.0 256.0 
1 2 0.52 0.52 176.0 57.0 176.0 585.0 115.0 585.0 
1 3 0.87 0.87 176.0 57.0 176.0 585.0 115.0 585.0 871.0 306.0 871.0 
1 2 0.03 0.03 530.0 7.0 530.0 824.0 14.0 824.0 
1 3 0.38 0.38 530.0 7.0 530.0 824.0 14.0 824.0 209.0 74.0 209.0 
1 2 0.9 0.9 590.0 81.0 590.0 916.0 701.0 916.0 
1 2 0.48 0.48 741.0 96.0 741.0 82.0 29.0 82.0 
1 3 0.76 0.76 741.0 96.0 741.0 82.0 29.0 82.0 506.0 143.0 506.0 
1 4 0.84 0.84 741.0 96.0 741.0 82.0 29.0 82.0 506.0 143.0 506.0 690.0 55.0 690.0 
1 5 0.97 0.97 741.0 96.0 741.0 82.0 29.0 82.0 506.0 143.0 506.0 690.0 55.0 690.0 789.0 99.0 789.0 
1 2 0.15 0.15 792.0 55.0 792.0 384.0 32.0 384.0 
1 3 0.55 0.55 792.0 55.0 792.0 384.0 32.0 384.0 59.0 24.0 59.0 
1 2 0.42 0.42 585.0 61.0 585.0 259.0 84.0 259.0 
1 3 0.71 0.71 585.0 61.0 585.0 259.0 84.0 259.0 996.0 282.0 996.0 
1 2 0.9 0.9 4.0 3.0 4.0 857.0 132.0 857.0 
1 2 0.76 0.76 556.0 317.0 556.0 42.0 8.0 42.0 
1 2 0.75 0.75 915.0 435.0 915.0 482.0 133.0 482.0 
1 3 0.77 0.77 915.0 435.0 915.0 482.0 133.0 482.0 747.0 16.0 747.0 
1 2 0.73 0.73 789.0 30.0 789.0 836.0 580.0 836.0 
1 3 0.74 0.74 789.0 30.0 789.0 836.0 580.0 836.0 79.0 1.0 79.0 
1 2 0.67 0.67 160.0 59.0 160.0 562.0 174.0 562.0 
1 2 0.67 0.67 328.0 145.0 328.0 146.0 34.0 146.0 
1 2 0.93 0.93 61.0 13.0 61.0 36.0 26.0 36.0 
1 2 0.94 0.94 964.0 169.0 964.0 429.0 331.0 429.0 
1 2 0.33 0.33 934.0 218.0 934.0 472.0 46.0 472.0 
1 3 0.37 0.37 934.0 218.0 934.0 472.0 46.0 472.0 383.0 16.0 383.0 
1 4 0.52 0.52 934.0 218.0 934.0 472.0 46.0 472.0 383.0 16.0 383.0 695.0 103.0 695.0 
1 2 0.26 0.26 140.0 21.0 140.0 722.0 81.0 722.0 
1 3 0.85 0.85 140.0 21.0 140.0 722.0 81.0 722.0 785.0 468.0 785.0 
1 2 0.71 0.71 809.0 449.0 809.0 628.0 101.0 628.0 
1 3 0.91 0.91 809.0 449.0 809.0 628.0 101.0 628.0 308.0 62.0 308.0 
1 2 0.71 0.71 17.0 6.0 17.0 165.0 60.0 165.0 
1 3 0.96 0.96 17.0 6.0 17.0 165.0 60.0 165.0 771.0 189.0 771.0 
1 2 0.9 0.9 180.0 68.0 180.0 182.0 96.0 182.0 
1 2 0.66 0.66 693.0 5.0 693.0 394.0 260.0 394.0 
1 3 0.97 0.97 693.0 5.0 693.0 394.0 260.0 394.0 620.0 193.0 620.0 
1 2 0.03 0.03 597.0 16.0 597.0 347.0 3.0 347.0 
1 3 0.9 0.9 597.0 16.0 597.0 347.0 3.0 347.0 745.0 645.0 745.0 
1 2 0.62 0.62 92.0 33.0 92.0 609.0 161.0 609.0 
1 2 0.69 0.69 514.0 326.0 514.0 191.0 11.0 191.0 
1 3 0.73 0.73 514.0 326.0 514.0 191.0 11.0 191.0 940.0 42.0 940.0 
1 4 0.84 0.84 514.0 326.0 514.0 191.0 11.0 191.0 940.0 42.0 940.0 706.0 77.0 706.0 
1 2 0.13 0.13 835.0 19.0 835.0 687.0 76.0 687.0 
1 3 0.89 0.89 835.0 19.0 835.0 687.0 76.0 687.0 47.0 36.0 47.0 
1 2 0.57 0.57 783.0 378.0 783.0 926.0 82.0 926.0 
1 3 0.85 0.85 783.0 378.0 783.0 926.0 82.0 926.0 994.0 279.0 994.0 
1 4 0.85 0.85 783.0 378.0 783.0 926.0 82.0 926.0 994.0 279.0 994.0 483.0 3.0 483.0 
1 5 0.94 0.94 783.0 378.0 783.0 926.0 82.0 926.0 994.0 279.0 994.0 483.0 3.0 483.0 924.0 83.0 924.0 
1 2 0.8 0.8 63.0 41.0 63.0 419.0 65.0 419.0 
1 2 0.49 0.49 961.0 4.0 961.0 723.0 356.0 723.0 
1 3 0.5 0.5 961.0 4.0 961.0 723.0 356.0 723.0 990.0 6.0 990.0 
1 2 0.49 0.49 655.0 287.0 655.0 212.0 12.0 212.0 
1 2 0.36 0.36 143.0 26.0 143.0 818.0 151.0 818.0 
1 3 0.8 0.8 143.0 26.0 143.0 818.0 151.0 818.0 739.0 321.0 739.0 
1 2 0.51 0.51 56.0 8.0 56.0 413.0 154.0 413.0 
1 2 0.56 0.56 124.0 46.0 124.0 438.0 83.0 438.0 
1 3 0.64 0.64 124.0 46.0 124.0 438.0 83.0 438.0 23.0 2.0 23.0 
1 4 0.95 0.95 124.0 46.0 124.0 438.0 83.0 438.0 23.0 2.0 23.0 884.0 276.0 884.0 
1 2 0.55 0.55 508.0 205.0 508.0 788.0 116.0 788.0 
1 3 0.83 0.83 508.0 205.0 508.0 788.0 116.0 788.0 671.0 190.0 671.0 
1 2 0.85 0.85 466.0 296.0 466.0 230.0 51.0 230.0 
1 2 0.41 0.41 357.0 30.0 357.0 562.0 186.0 562.0 
1 3 0.68 0.68 357.0 30.0 357.0 562.0 186.0 562.0 548.0 149.0 548.0 
1 4 0.72 0.72 357.0 30.0 357.0 562.0 186.0 562.0 548.0 149.0 548.0 686.0 24.0 686.0 
1 5 0.74 0.74 357.0 30.0 357.0 562.0 186.0 562.0 548.0 149.0 548.0 686.0 24.0 686.0 299.0 6.0 299.0 
1 6 0.89 0.89 357.0 30.0 357.0 562.0 186.0 562.0 548.0 149.0 548.0 686.0 24.0 686.0 299.0 6.0 299.0 795.0 118.0 795.0 
1 2 0.95 0.95 548.0 339.0 548.0 872.0 291.0 872.0 
1 2 0.78 0.78 89.0 5.0 89.0 663.0 482.0 663.0 
1 2 0.32 0.32 690.0 141.0 690.0 912.0 109.0 912.0 
1 2 0.39 0.39 813.0 239.0 813.0 911.0 90.0 911.0 
1 2 0.86 0.86 659.0 273.0 659.0 448.0 204.0 448.0 
1 2 0.5 0.5 2.0 1.0 2.0 836.0 6.0 836.0 
1 3 0.53 0.53 2.0 1.0 2.0 836.0 6.0 836.0 281.0 7.0 281.0 
1 4 0.92 0.92 2.0 1.0 2.0 836.0 6.0 836.0 281.0 7.0 281.0 265.0 105.0 265.0 
1 2 0.37 0.37 891.0 240.0 891.0 186.0 19.0 186.0 
1 2 0.62 0.62 767.0 213.0 767.0 88.0 31.0 88.0 
1 2 0.79 0.79 643.0 93.0 643.0 467.0 306.0 467.0 
1 2 0.95 0.95 454.0 325.0 454.0 461.0 112.0 461.0 
1 2 0.49 0.49 743.0 305.0 743.0 929.0 79.0 929.0 
1 3 0.61 0.61 743.0 305.0 743.0 929.0 79.0 929.0 630.0 76.0 630.0 
1 4 0.74 0.74 743.0 305.0 743.0 929.0 79.0 929.0 630.0 76.0 630.0 414.0 55.0 414.0 
1 5 0.91 0.91 743.0 305.0 743.0 929.0 79.0 929.0 630.0 76.0 630.0 414.0 55.0 414.0 161.0 27.0 161.0 
1 6 0.95 0.95 743.0 305.0 743.0 929.0 79.0 929.0 630.0 76.0 630.0 414.0 55.0 414.0 161.0 27.0 161.0 542.0 22.0 542.0 
1 2 0.89 0.89 872.0 595.0 872.0 987.0 209.0 987.0 
1 3 0.98 0.98 872.0 595.0 872.0 987.0 209.0 987.0 386.0 34.0 386.0 
1 2 0.4 0.4 204.0 13.0 204.0 761.0 256.0 761.0 
1 3 0.86 0.86 204.0 13.0 204.0 761.0 256.0 761.0 26.0 12.0 26.0 
1 2 0.94 0.94 584.0 370.0 584.0 806.0 251.0 806.0 
1 2 0.41 0.41 122.0 12.0 122.0 276.0 87.0 276.0 
1 3 0.5 0.5 122.0 12.0 122.0 276.0 87.0 276.0 469.0 45.0 469.0 
1 2 0.15 0.15 653.0 6.0 653.0 860.0 128.0 860.0 
1 3 0.76 0.76 653.0 6.0 653.0 860.0 128.0 860.0 214.0 130.0 214.0 
1 2 0.61 0.61 221.0 49.0 221.0 430.0 169.0 430.0 
1 3 0.95 0.95 221.0 49.0 221.0 430.0 169.0 430.0 301.0 103.0 301.0 
1 2 0.32 0.32 294.0 76.0 294.0 185.0 13.0 185.0 
1 3 0.95 0.95 294.0 76.0 294.0 185.0 13.0 185.0 535.0 334.0 535.0 
1 2 0.71 0.71 806.0 398.0 806.0 448.0 98.0 448.0 
1 2 0.67 0.67 784.0 48.0 784.0 624.0 383.0 624.0 
1 2 0.89 0.89 894.0 735.0 894.0 448.0 34.0 448.0 
1 2 0.84 0.84 545.0 331.0 545.0 925.0 221.0 925.0 
1 2 0.45 0.45 286.0 109.0 286.0 406.0 30.0 406.0 
1 3 0.5 0.5 286.0 109.0 286.0 406.0 30.0 406.0 770.0 42.0 770.0 
1 4 0.91 0.91 286.0 109.0 286.0 406.0 30.0 406.0 770.0 42.0 770.0 586.0 239.0 586.0 
1 2 0.61 0.61 912.0 513.0 912.0 379.0 20.0 379.0 
1 3 0.7 0.7 912.0 513.0 912.0 379.0 20.0 379.0 703.0 63.0 703.0 
1 4 0.73 0.73 912.0 513.0 912.0 379.0 20.0 379.0 703.0 63.0 703.0 709.0 21.0 709.0 
1 2 0.65 0.65 791.0 246.0 791.0 64.0 22.0 64.0 
1 2 0.46 0.46 36.0 1.0 36.0 125.0 55.0 125.0 
1 3 0.71 0.71 36.0 1.0 36.0 125.0 55.0 125.0 859.0 212.0 859.0 
1 4 0.78 0.78 36.0 1.0 36.0 125.0 55.0 125.0 859.0 212.0 859.0 904.0 61.0 904.0 
1 2 0.75 0.75 16.0 8.0 16.0 408.0 103.0 408.0 
1 2 0.36 0.36 777.0 251.0 777.0 315.0 13.0 315.0 
1 3 0.51 0.51 777.0 251.0 777.0 315.0 13.0 315.0 619.0 92.0 619.0 
1 4 0.69 0.69 777.0 251.0 777.0 315.0 13.0 315.0 619.0 92.0 619.0 869.0 156.0 869.0 
1 2 0.7 0.7 473.0 90.0 473.0 314.0 161.0 314.0 
1 2 0.98 0.98 778.0 451.0 778.0 470.0 189.0 470.0 
1 2 0.42 0.42 409.0 87.0 409.0 992.0 214.0 992.0 
1 3 0.65 0.65 409.0 87.0 409.0 992.0 214.0 992.0 830.0 191.0 830.0 
1 4 0.76 0.76 409.0 87.0 409.0 992.0 214.0 992.0 830.0 191.0 830.0 122.0 13.0 122.0 
1 5 0.93 0.93 409.0 87.0 409.0 992.0 214.0 992.0 830.0 191.0 830.0 122.0 13.0 122.0 30.0 5.0 30.0 
1 2 0.7 0.7 766.0 371.0 766.0 959.0 208.0 959.0 
1 2 0.77 0.77 940.0 149.0 940.0 303.0 187.0 303.0 
1 3 0.95 0.95 940.0 149.0 940.0 303.0 187.0 303.0 49.0 9.0 49.0 
1 2 0.32 0.32 627.0 136.0 627.0 879.0 98.0 879.0 
1 3 0.43 0.43 627.0 136.0 627.0 879.0 98.0 879.0 890.0 98.0 890.0 
1 2 0.93 0.93 345.0 201.0 345.0 532.0 187.0 532.0 
1 2 0.75 0.75 716.0 323.0 716.0 837.0 253.0 837.0 
1 2 0.54 0.54 513.0 213.0 513.0 977.0 124.0 977.0 
1 2 0.95 0.95 946.0 82.0 946.0 624.0 539.0 624.0 
1 2 0.21 0.21 147.0 30.0 147.0 839.0 13.0 839.0 
1 3 0.33 0.33 147.0 30.0 147.0 839.0 13.0 839.0 89.0 10.0 89.0 
1 4 0.45 0.45 147.0 30.0 147.0 839.0 13.0 839.0 89.0 10.0 89.0 568.0 69.0 568.0 
1 2 0.94 0.94 284.0 204.0 284.0 851.0 193.0 851.0 
1 2 0.76 0.76 923.0 330.0 923.0 809.0 331.0 809.0 
1 3 0.83 0.83 923.0 330.0 923.0 809.0 331.0 809.0 745.0 50.0 745.0 
1 4 0.95 0.95 923.0 330.0 923.0 809.0 331.0 809.0 745.0 50.0 745.0 787.0 95.0 787.0 
1 5 0.96 0.96 923.0 330.0 923.0 809.0 331.0 809.0 745.0 50.0 745.0 787.0 95.0 787.0 620.0 6.0 620.0 
1 2 0.86 0.86 218.0 15.0 218.0 955.0 757.0 955.0 
1 2 0.91 0.91 485.0 411.0 485.0 716.0 46.0 716.0 
1 2 0.3 0.3 625.0 22.0 625.0 278.0 75.0 278.0 
1 2 0.76 0.76 726.0 166.0 726.0 92.0 49.0 92.0 
1 2 0.94 0.94 23.0 16.0 23.0 195.0 49.0 195.0 
1 2 0.58 0.58 194.0 108.0 194.0 885.0 29.0 885.0 
1 3 0.98 0.98 194.0 108.0 194.0 885.0 29.0 885.0 211.0 84.0 211.0 
1 2 0.9 0.9 872.0 611.0 872.0 35.0 7.0 35.0 
1 3 0.93 0.93 872.0 611.0 872.0 35.0 7.0 35.0 403.0 14.0 403.0 
1 2 0.88 0.88 402.0 259.0 402.0 911.0 216.0 911.0 
1 2 0.75 0.75 594.0 111.0 594.0 501.0 287.0 501.0 
1 2 0.38 0.38 641.0 212.0 641.0 854.0 43.0 854.0 
1 3 0.57 0.57 641.0 212.0 641.0 854.0 43.0 854.0 129.0 25.0 129.0 
1 4 0.71 0.71 641.0 212.0 641.0 854.0 43.0 854.0 129.0 25.0 129.0 685.0 98.0 685.0 
1 2 0.77 0.77 194.0 91.0 194.0 473.0 146.0 473.0 
1 2 0.65 0.65 223.0 34.0 223.0 879.0 440.0 879.0 
1 2 0.23 0.23 732.0 129.0 732.0 814.0 47.0 814.0 
1 2 0.3 0.3 846.0 45.0 846.0 401.0 102.0 401.0 
1 2 0.96 0.96 440.0 228.0 440.0 861.0 382.0 861.0 
1 2 0.62 0.62 774.0 157.0 774.0 675.0 287.0 675.0 
1 2 0.52 0.52 134.0 68.0 134.0 118.0 2.0 118.0 
1 3 0.71 0.71 134.0 68.0 134.0 118.0 2.0 118.0 311.0 59.0 311.0 
1 2 0.68 0.68 309.0 6.0 309.0 3.0 2.0 3.0 
1 3 0.82 0.82 309.0 6.0 309.0 3.0 2.0 3.0 640.0 88.0 640.0 
1 2 0.89 0.89 909.0 66.0 909.0 208.0 171.0 208.0 
1 2 0.55 0.55 866.0 226.0 866.0 528.0 157.0 528.0 
1 3 0.82 0.82 866.0 226.0 866.0 528.0 157.0 528.0 916.0 245.0 916.0 
1 2 0.31 0.31 29.0 5.0 29.0 666.0 95.0 666.0 
1 3 0.89 0.89 29.0 5.0 29.0 666.0 95.0 666.0 452.0 262.0 452.0 
1 2 0.74 0.74 332.0 224.0 332.0 401.0 28.0 401.0 
1 3 0.75 0.75 332.0 224.0 332.0 401.0 28.0 401.0 939.0 14.0 939.0 
1 2 0.68 0.68 219.0 133.0 219.0 951.0 74.0 951.0 
1 3 0.79 0.79 219.0 133.0 219.0 951.0 74.0 951.0 454.0 52.0 454.0 
1 2 0.31 0.31 688.0 6.0 688.0 150.0 46.0 150.0 
1 3 0.48 0.48 688.0 6.0 688.0 150.0 46.0 150.0 189.0 33.0 189.0 
1 4 0.64 0.64 688.0 6.0 688.0 150.0 46.0 150.0 189.0 33.0 189.0 692.0 105.0 692.0 
1 5 0.92 0.92 688.0 6.0 688.0 150.0 46.0 150.0 189.0 33.0 189.0 692.0 105.0 692.0 393.0 111.0 393.0 
1 6 0.93 0.93 688.0 6.0 688.0 150.0 46.0 150.0 189.0 33.0 189.0 692.0 105.0 692.0 393.0 111.0 393.0 794.0 12.0 794.0 
1 7 0.97 0.97 688.0 6.0 688.0 150.0 46.0 150.0 189.0 33.0 189.0 692.0 105.0 692.0 393.0 111.0 393.0 794.0 12.0 794.0 394.0 15.0 394.0 
1 2 0.25 0.25 99.0 7.0 99.0 727.0 134.0 727.0 
1 3 0.49 0.49 99.0 7.0 99.0 727.0 134.0 727.0 703.0 171.0 703.0 
1 2 0.46 0.46 213.0 50.0 213.0 361.0 84.0 361.0 
1 2 0.37 0.37 949.0 242.0 949.0 260.0 31.0 260.0 
1 2 0.19 0.19 443.0 41.0 443.0 514.0 54.0 514.0 
1 3 0.87 0.87 443.0 41.0 443.0 514.0 54.0 514.0 223.0 152.0 223.0 
1 2 0.27 0.27 941.0 185.0 941.0 531.0 44.0 531.0 
1 3 0.47 0.47 941.0 185.0 941.0 531.0 44.0 531.0 330.0 63.0 330.0 
1 4 0.99 0.99 941.0 185.0 941.0 531.0 44.0 531.0 330.0 63.0 330.0 932.0 491.0 932.0 
1 2 0.6 0.6 284.0 158.0 284.0 174.0 8.0 174.0 
1 3 0.78 0.78 284.0 158.0 284.0 174.0 8.0 174.0 344.0 62.0 344.0 
1 4 0.83 0.83 284.0 158.0 284.0 174.0 8.0 174.0 344.0 62.0 344.0 605.0 33.0 605.0 
1 2 0.3 0.3 574.0 48.0 574.0 678.0 149.0 678.0 
1 2 0.41 0.41 647.0 98.0 647.0 966.0 254.0 966.0 
1 2 0.21 0.21 919.0 120.0 919.0 947.0 76.0 947.0 
1 3 0.37 0.37 919.0 120.0 919.0 947.0 76.0 947.0 214.0 35.0 214.0 
1 4 0.46 0.46 919.0 120.0 919.0 947.0 76.0 947.0 214.0 35.0 214.0 42.0 4.0 42.0 
1 5 0.79 0.79 919.0 120.0 919.0 947.0 76.0 947.0 214.0 35.0 214.0 42.0 4.0 42.0 854.0 279.0 854.0 
1 2 0.29 0.29 37.0 9.0 37.0 804.0 41.0 804.0 
1 2 0.95 0.95 690.0 577.0 690.0 763.0 91.0 763.0 
1 2 0.29 0.29 690.0 64.0 690.0 202.0 40.0 202.0 
1 3 0.77 0.77 690.0 64.0 690.0 202.0 40.0 202.0 406.0 196.0 406.0 
1 4 0.92 0.92 690.0 64.0 690.0 202.0 40.0 202.0 406.0 196.0 406.0 86.0 13.0 86.0 
1 2 0.41 0.41 729.0 174.0 729.0 569.0 101.0 569.0 
1 3 0.57 0.57 729.0 174.0 729.0 569.0 101.0 569.0 812.0 125.0 812.0 
1 2 0.59 0.59 498.0 109.0 498.0 618.0 233.0 618.0 
1 3 0.68 0.68 498.0 109.0 498.0 618.0 233.0 618.0 741.0 66.0 741.0 
1 4 0.93 0.93 498.0 109.0 498.0 618.0 233.0 618.0 741.0 66.0 741.0 690.0 173.0 690.0 
1 2 0.62 0.62 134.0 58.0 134.0 858.0 166.0 858.0 
1 2 0.42 0.42 927.0 306.0 927.0 714.0 65.0 714.0 
1 3 0.52 0.52 927.0 306.0 927.0 714.0 65.0 714.0 254.0 26.0 254.0 
1 2 0.97 0.97 214.0 183.0 214.0 683.0 80.0 683.0 
1 2 0.42 0.42 629.0 19.0 629.0 745.0 295.0 745.0 
1 3 0.81 0.81 629.0 19.0 629.0 745.0 295.0 745.0 894.0 349.0 894.0 
1 2 0.72 0.72 743.0 267.0 743.0 80.0 29.0 80.0 
1 2 0.07 0.07 423.0 22.0 423.0 146.0 3.0 146.0 
1 3 0.42 0.42 423.0 22.0 423.0 146.0 3.0 146.0 101.0 36.0 101.0 
1 4 0.54 0.54 423.0 22.0 423.0 146.0 3.0 146.0 101.0 36.0 101.0 446.0 51.0 446.0 
1 2 0.97 0.97 123.0 46.0 123.0 278.0 168.0 278.0 
1 2 0.97 0.97 51.0 29.0 51.0 540.0 221.0 540.0 
1 2 0.6 0.6 567.0 341.0 567.0 548.0 2.0 548.0 
1 2 0.57 0.57 496.0 7.0 496.0 946.0 526.0 946.0 
1 3 0.71 0.71 496.0 7.0 496.0 946.0 526.0 946.0 7.0 1.0 7.0 
1 4 0.78 0.78 496.0 7.0 496.0 946.0 526.0 946.0 7.0 1.0 7.0 100.0 7.0 100.0 
1 2 0.3 0.3 653.0 153.0 653.0 569.0 40.0 569.0 
1 3 0.59 0.59 653.0 153.0 653.0 569.0 40.0 569.0 778.0 227.0 778.0 
1 4 0.67 0.67 653.0 153.0 653.0 569.0 40.0 569.0 778.0 227.0 778.0 191.0 15.0 191.0 
1 2 0.88 0.88 157.0 112.0 157.0 96.0 16.0 96.0 
1 3 0.93 0.93 157.0 112.0 157.0 96.0 16.0 96.0 19.0 1.0 19.0 
1 4 0.99 0.99 157.0 112.0 157.0 96.0 16.0 96.0 19.0 1.0 19.0 658.0 40.0 658.0 
1 2 0.43 0.43 912.0 127.0 912.0 481.0 143.0 481.0 
1 3 0.49 0.49 912.0 127.0 912.0 481.0 143.0 481.0 695.0 38.0 695.0 
1 4 0.96 0.96 912.0 127.0 912.0 481.0 143.0 481.0 695.0 38.0 695.0 266.0 127.0 266.0 
1 2 0.83 0.83 251.0 158.0 251.0 412.0 85.0 412.0 
1 3 0.88 0.88 251.0 158.0 251.0 412.0 85.0 412.0 44.0 2.0 44.0 
1 2 0.33 0.33 564.0 62.0 564.0 731.0 163.0 731.0 
1 3 0.41 0.41 564.0 62.0 564.0 731.0 163.0 731.0 340.0 29.0 340.0 
1 4 0.51 0.51 564.0 62.0 564.0 731.0 163.0 731.0 340.0 29.0 340.0 572.0 55.0 572.0 
1 5 0.81 0.81 564.0 62.0 564.0 731.0 163.0 731.0 340.0 29.0 340.0 572.0 55.0 572.0 33.0 10.0 33.0 
1 2 0.42 0.42 887.0 165.0 887.0 364.0 87.0 364.0 
1 3 0.44 0.44 887.0 165.0 887.0 364.0 87.0 364.0 771.0 12.0 771.0 
1 4 0.47 0.47 887.0 165.0 887.0 364.0 87.0 364.0 771.0 12.0 771.0 876.0 32.0 876.0 
1 5 0.72 0.72 887.0 165.0 887.0 364.0 87.0 364.0 771.0 12.0 771.0 876.0 32.0 876.0 831.0 206.0 831.0 
1 6 0.72 0.72 887.0 165.0 887.0 364.0 87.0 364.0 771.0 12.0 771.0 876.0 32.0 876.0 831.0 206.0 831.0 532.0 2.0 532.0 
1 2 0.3 0.3 25.0 4.0 25.0 240.0 34.0 240.0 
1 2 0.94 0.94 883.0 680.0 883.0 679.0 122.0 679.0 
1 3 0.95 0.95 883.0 680.0 883.0 679.0 122.0 679.0 937.0 8.0 937.0 
1 2 0.94 0.94 815.0 223.0 815.0 606.0 409.0 606.0 
1 2 0.29 0.29 42.0 9.0 42.0 65.0 5.0 65.0 
1 3 0.57 0.57 42.0 9.0 42.0 65.0 5.0 65.0 286.0 80.0 286.0 
1 2 0.35 0.35 43.0 3.0 43.0 137.0 39.0 137.0 
1 3 0.65 0.65 43.0 3.0 43.0 137.0 39.0 137.0 806.0 241.0 806.0 
1 4 0.87 0.87 43.0 3.0 43.0 137.0 39.0 137.0 806.0 241.0 806.0 748.0 162.0 748.0 
1 2 0.35 0.35 820.0 105.0 820.0 782.0 174.0 782.0 
1 2 0.39 0.39 537.0 190.0 537.0 952.0 39.0 952.0 
1 3 0.55 0.55 537.0 190.0 537.0 952.0 39.0 952.0 496.0 81.0 496.0 
1 4 0.98 0.98 537.0 190.0 537.0 952.0 39.0 952.0 496.0 81.0 496.0 747.0 320.0 747.0 
1 2 0.61 0.61 964.0 240.0 964.0 671.0 245.0 671.0 
1 3 0.95 0.95 964.0 240.0 964.0 671.0 245.0 671.0 219.0 74.0 219.0 
1 2 0.35 0.35 688.0 58.0 688.0 120.0 33.0 120.0 
1 3 0.5 0.5 688.0 58.0 688.0 120.0 33.0 120.0 14.0 2.0 14.0 
1 2 0.93 0.93 424.0 181.0 424.0 502.0 253.0 502.0 
1 2 0.52 0.52 125.0 16.0 125.0 155.0 62.0 155.0 
1 3 0.64 0.64 125.0 16.0 125.0 155.0 62.0 155.0 961.0 114.0 961.0 
1 2 0.91 0.91 275.0 164.0 275.0 667.0 213.0 667.0 
1 2 0.65 0.65 827.0 112.0 827.0 638.0 329.0 638.0 
1 2 0.74 0.74 635.0 139.0 635.0 321.0 169.0 321.0 
1 3 0.92 0.92 635.0 139.0 635.0 321.0 169.0 321.0 249.0 44.0 249.0 
1 4 0.95 0.95 635.0 139.0 635.0 321.0 169.0 321.0 249.0 44.0 249.0 765.0 26.0 765.0 
1 2 0.93 0.93 352.0 311.0 352.0 18.0 1.0 18.0 
1 2 0.71 0.71 116.0 60.0 116.0 386.0 78.0 386.0 
1 3 0.76 0.76 116.0 60.0 116.0 386.0 78.0 386.0 667.0 30.0 667.0 
1 4 0.78 0.78 116.0 60.0 116.0 386.0 78.0 386.0 667.0 30.0 667.0 861.0 21.0 861.0 
1 2 0.92 0.92 365.0 215.0 365.0 150.0 50.0 150.0 
1 2 0.85 0.85 29.0 18.0 29.0 841.0 194.0 841.0 
1 2 0.74 0.74 595.0 164.0 595.0 173.0 82.0 173.0 
1 2 0.16 0.16 313.0 24.0 313.0 380.0 35.0 380.0 
1 2 0.86 0.86 315.0 199.0 315.0 806.0 185.0 806.0 
1 3 0.89 0.89 315.0 199.0 315.0 806.0 185.0 806.0 540.0 17.0 540.0 
1 2 0.91 0.91 13.0 1.0 13.0 226.0 190.0 226.0 
1 2 0.34 0.34 960.0 140.0 960.0 223.0 45.0 223.0 
1 3 0.55 0.55 960.0 140.0 960.0 223.0 45.0 223.0 697.0 142.0 697.0 
1 4 0.75 0.75 960.0 140.0 960.0 223.0 45.0 223.0 697.0 142.0 697.0 354.0 72.0 354.0 
1 2 0.96 0.96 426.0 49.0 426.0 198.0 168.0 198.0 
1 2 0.98 0.98 355.0 143.0 355.0 353.0 204.0 353.0 
1 2 0.48 0.48 212.0 27.0 212.0 307.0 109.0 307.0 
1 3 0.78 0.78 212.0 27.0 212.0 307.0 109.0 307.0 833.0 252.0 833.0 
1 2 0.96 0.96 127.0 40.0 127.0 101.0 66.0 101.0 
1 2 0.59 0.59 404.0 224.0 404.0 773.0 35.0 773.0 
1 3 0.93 0.93 404.0 224.0 404.0 773.0 35.0 773.0 660.0 222.0 660.0 
1 2 0.56 0.56 838.0 49.0 838.0 317.0 161.0 317.0 
1 3 0.96 0.96 838.0 49.0 838.0 317.0 161.0 317.0 567.0 227.0 567.0 
1 2 0.55 0.55 352.0 70.0 352.0 119.0 42.0 119.0 
1 3 0.82 0.82 352.0 70.0 352.0 119.0 42.0 119.0 343.0 93.0 343.0 
1 2 0.61 0.61 891.0 165.0 891.0 720.0 309.0 720.0 
1 3 0.94 0.94 891.0 165.0 891.0 720.0 309.0 720.0 482.0 161.0 482.0 
1 2 0.43 0.43 467.0 172.0 467.0 888.0 62.0 888.0 
1 3 0.9 0.9 467.0 172.0 467.0 888.0 62.0 888.0 409.0 191.0 409.0 
1 4 0.94 0.94 467.0 172.0 467.0 888.0 62.0 888.0 409.0 191.0 409.0 182.0 8.0 182.0 
1 2 0.61 0.61 629.0 288.0 629.0 590.0 91.0 590.0 
1 2 0.48 0.48 54.0 3.0 54.0 562.0 239.0 562.0 
1 3 0.89 0.89 54.0 3.0 54.0 562.0 239.0 562.0 139.0 57.0 139.0 
1 4 0.91 0.91 54.0 3.0 54.0 562.0 239.0 562.0 139.0 57.0 139.0 589.0 14.0 589.0 
1 2 0.55 0.55 449.0 246.0 449.0 391.0 1.0 391.0 
1 2 0.96 0.96 892.0 100.0 892.0 843.0 717.0 843.0 
1 2 0.64 0.64 482.0 1.0 482.0 732.0 471.0 732.0 
1 3 0.73 0.73 482.0 1.0 482.0 732.0 471.0 732.0 864.0 77.0 864.0 
1 2 0.34 0.34 702.0 51.0 702.0 513.0 142.0 513.0 
1 3 0.97 0.97 702.0 51.0 702.0 513.0 142.0 513.0 659.0 409.0 659.0 
1 2 0.78 0.78 485.0 321.0 485.0 558.0 68.0 558.0 
1 2 0.7 0.7 42.0 5.0 42.0 810.0 472.0 810.0 
1 3 0.79 0.79 42.0 5.0 42.0 810.0 472.0 810.0 780.0 70.0 780.0 
1 4 0.84 0.84 42.0 5.0 42.0 810.0 472.0 810.0 780.0 70.0 780.0 772.0 38.0 772.0 
1 2 0.92 0.92 909.0 633.0 909.0 731.0 166.0 731.0 
1 2 0.92 0.92 380.0 51.0 380.0 453.0 358.0 453.0 
1 2 0.77 0.77 236.0 56.0 236.0 413.0 223.0 413.0 
1 3 0.95 0.95 236.0 56.0 236.0 413.0 223.0 413.0 152.0 27.0 152.0 
1 2 0.22 0.22 539.0 66.0 539.0 440.0 43.0 440.0 
1 3 0.68 0.68 539.0 66.0 539.0 440.0 43.0 440.0 569.0 264.0 569.0 
1 2 0.71 0.71 888.0 371.0 888.0 478.0 143.0 478.0 
1 3 0.75 0.75 888.0 371.0 888.0 478.0 143.0 478.0 290.0 11.0 290.0 
1 2 0.42 0.42 493.0 70.0 493.0 948.0 265.0 948.0 
1 2 0.43 0.43 242.0 39.0 242.0 647.0 177.0 647.0 
1 3 0.88 0.88 242.0 39.0 242.0 647.0 177.0 647.0 864.0 390.0 864.0 
1 2 0.76 0.76 428.0 87.0 428.0 921.0 515.0 921.0 
1 2 0.65 0.65 370.0 144.0 370.0 314.0 83.0 314.0 
1 2 0.65 0.65 806.0 342.0 806.0 157.0 37.0 157.0 
1 3 0.78 0.78 806.0 342.0 806.0 157.0 37.0 157.0 171.0 21.0 171.0 
1 2 0.97 0.97 574.0 234.0 574.0 205.0 116.0 205.0 
1 2 0.98 0.98 919.0 253.0 919.0 951.0 676.0 951.0 
1 2 0.76 0.76 845.0 208.0 845.0 35.0 18.0 35.0 
1 2 0.77 0.77 131.0 6.0 131.0 251.0 183.0 251.0 
1 2 0.32 0.32 206.0 7.0 206.0 108.0 31.0 108.0 
1 3 0.42 0.42 206.0 7.0 206.0 108.0 31.0 108.0 811.0 87.0 811.0 
1 4 0.44 0.44 206.0 7.0 206.0 108.0 31.0 108.0 811.0 87.0 811.0 354.0 7.0 354.0 
1 5 0.47 0.47 206.0 7.0 206.0 108.0 31.0 108.0 811.0 87.0 811.0 354.0 7.0 354.0 927.0 24.0 927.0 
1 6 0.72 0.72 206.0 7.0 206.0 108.0 31.0 108.0 811.0 87.0 811.0 354.0 7.0 354.0 927.0 24.0 927.0 470.0 117.0 470.0 
1 2 0.78 0.78 560.0 389.0 560.0 568.0 53.0 568.0 
1 3 0.81 0.81 560.0 389.0 560.0 568.0 53.0 568.0 89.0 2.0 89.0 
1 2 0.48 0.48 881.0 242.0 881.0 128.0 27.0 128.0 
1 3 0.48 0.48 881.0 242.0 881.0 128.0 27.0 128.0 611.0 2.0 611.0 
1 4 0.49 0.49 881.0 242.0 881.0 128.0 27.0 128.0 611.0 2.0 611.0 637.0 2.0 637.0 
1 2 0.48 0.48 698.0 292.0 698.0 611.0 41.0 611.0 
1 3 0.96 0.96 698.0 292.0 698.0 611.0 41.0 611.0 832.0 395.0 832.0 
1 2 0.1 0.1 626.0 2.0 626.0 625.0 65.0 625.0 
1 3 0.19 0.19 626.0 2.0 626.0 625.0 65.0 625.0 478.0 41.0 478.0 
1 4 0.74 0.74 626.0 2.0 626.0 625.0 65.0 625.0 478.0 41.0 478.0 65.0 36.0 65.0 
1 5 0.82 0.82 626.0 2.0 626.0 625.0 65.0 625.0 478.0 41.0 478.0 65.0 36.0 65.0 99.0 8.0 99.0 
1 6 0.91 0.91 626.0 2.0 626.0 625.0 65.0 625.0 478.0 41.0 478.0 65.0 36.0 65.0 99.0 8.0 99.0 384.0 32.0 384.0 
1 2 0.73 0.73 779.0 226.0 779.0 631.0 279.0 631.0 
1 2 0.44 0.44 146.0 33.0 146.0 562.0 121.0 562.0 
1 2 0.17 0.17 50.0 6.0 50.0 809.0 44.0 809.0 
1 3 0.2 0.2 50.0 6.0 50.0 809.0 44.0 809.0 639.0 18.0 639.0 
1 4 0.35 0.35 50.0 6.0 50.0 809.0 44.0 809.0 639.0 18.0 639.0 440.0 67.0 440.0 
1 5 0.42 0.42 50.0 6.0 50.0 809.0 44.0 809.0 639.0 18.0 639.0 440.0 67.0 440.0 886.0 59.0 886.0 
1 6 0.89 0.89 50.0 6.0 50.0 809.0 44.0 809.0 639.0 18.0 639.0 440.0 67.0 440.0 886.0 59.0 886.0 610.0 287.0 610.0 
1 2 0.63 0.63 574.0 15.0 574.0 121.0 74.0 121.0 
1 3 0.99 0.99 574.0 15.0 574.0 121.0 74.0 121.0 442.0 157.0 442.0 
1 2 0.74 0.74 566.0 180.0 566.0 63.0 27.0 63.0 
1 2 0.97 0.97 383.0 279.0 383.0 40.0 10.0 40.0 
1 2 0.93 0.93 720.0 100.0 720.0 286.0 228.0 286.0 
1 2 0.5 0.5 650.0 72.0 650.0 977.0 383.0 977.0 
1 3 0.67 0.67 650.0 72.0 650.0 977.0 383.0 977.0 211.0 37.0 211.0 
1 4 0.78 0.78 650.0 72.0 650.0 977.0 383.0 977.0 211.0 37.0 211.0 250.0 27.0 250.0 
1 2 0.65 0.65 304.0 197.0 304.0 911.0 4.0 911.0 
1 3 0.88 0.88 304.0 197.0 304.0 911.0 4.0 911.0 264.0 61.0 264.0 
1 2 0.83 0.83 370.0 117.0 370.0 774.0 400.0 774.0 
1 2 0.47 0.47 925.0 170.0 925.0 726.0 215.0 726.0 
1 3 0.67 0.67 925.0 170.0 925.0 726.0 215.0 726.0 72.0 14.0 72.0 
1 4 0.85 0.85 925.0 170.0 925.0 726.0 215.0 726.0 72.0 14.0 72.0 314.0 58.0 314.0 
1 2 0.95 0.95 685.0 153.0 685.0 611.0 445.0 611.0 
1 2 0.53 0.53 83.0 42.0 83.0 323.0 8.0 323.0 
1 2 0.77 0.77 728.0 457.0 728.0 461.0 67.0 461.0 
1 2 0.88 0.88 495.0 96.0 495.0 115.0 80.0 115.0 
1 2 0.49 0.49 477.0 188.0 477.0 821.0 84.0 821.0 
1 2 0.39 0.39 852.0 77.0 852.0 891.0 267.0 891.0 
1 3 0.49 0.49 852.0 77.0 852.0 891.0 267.0 891.0 313.0 33.0 313.0 
1 4 0.5 0.5 852.0 77.0 852.0 891.0 267.0 891.0 313.0 33.0 313.0 177.0 2.0 177.0 
1 5 0.57 0.57 852.0 77.0 852.0 891.0 267.0 891.0 313.0 33.0 313.0 177.0 2.0 177.0 800.0 51.0 800.0 
1 6 0.91 0.91 852.0 77.0 852.0 891.0 267.0 891.0 313.0 33.0 313.0 177.0 2.0 177.0 800.0 51.0 800.0 90.0 31.0 90.0 
1 2 0.45 0.45 54.0 2.0 54.0 480.0 199.0 480.0 
1 3 0.9 0.9 54.0 2.0 54.0 480.0 199.0 480.0 793.0 363.0 793.0 
1 2 0.31 0.31 993.0 308.0 993.0 386.0 1.0 386.0 
1 2 0.43 0.43 117.0 9.0 117.0 120.0 43.0 120.0 
1 3 0.46 0.46 117.0 9.0 117.0 120.0 43.0 120.0 349.0 11.0 349.0 
1 2 0.77 0.77 24.0 10.0 24.0 204.0 74.0 204.0 
1 3 0.94 0.94 24.0 10.0 24.0 204.0 74.0 204.0 123.0 20.0 123.0 
1 2 0.67 0.67 407.0 160.0 407.0 302.0 85.0 302.0 
1 2 0.27 0.27 790.0 98.0 790.0 826.0 122.0 826.0 
1 2 0.47 0.47 225.0 38.0 225.0 923.0 286.0 923.0 
1 3 0.92 0.92 225.0 38.0 225.0 923.0 286.0 923.0 839.0 372.0 839.0 
1 2 0.96 0.96 515.0 356.0 515.0 108.0 30.0 108.0 
1 2 0.5 0.5 163.0 57.0 163.0 123.0 19.0 123.0 
1 3 0.65 0.65 163.0 57.0 163.0 123.0 19.0 123.0 678.0 105.0 678.0 
1 4 0.83 0.83 163.0 57.0 163.0 123.0 19.0 123.0 678.0 105.0 678.0 127.0 22.0 127.0 
1 2 0.47 0.47 180.0 70.0 180.0 306.0 25.0 306.0 
1 2 0.47 0.47 45.0 10.0 45.0 79.0 20.0 79.0 
1 3 0.47 0.47 45.0 10.0 45.0 79.0 20.0 79.0 704.0 2.0 704.0 
1 4 0.51 0.51 45.0 10.0 45.0 79.0 20.0 79.0 704.0 2.0 704.0 799.0 33.0 799.0 
1 5 0.8 0.8 45.0 10.0 45.0 79.0 20.0 79.0 704.0 2.0 704.0 799.0 33.0 799.0 480.0 137.0 480.0 
1 6 0.91 0.91 45.0 10.0 45.0 79.0 20.0 79.0 704.0 2.0 704.0 799.0 33.0 799.0 480.0 137.0 480.0 426.0 47.0 426.0 
1 2 0.68 0.68 164.0 108.0 164.0 604.0 14.0 604.0 
1 3 0.86 0.86 164.0 108.0 164.0 604.0 14.0 604.0 291.0 53.0 291.0 
1 2 0.22 0.22 869.0 35.0 869.0 192.0 35.0 192.0 
1 3 0.27 0.27 869.0 35.0 869.0 192.0 35.0 192.0 783.0 40.0 783.0 
1 4 0.59 0.59 869.0 35.0 869.0 192.0 35.0 192.0 783.0 40.0 783.0 456.0 146.0 456.0 
1 5 0.73 0.73 869.0 35.0 869.0 192.0 35.0 192.0 783.0 40.0 783.0 456.0 146.0 456.0 437.0 60.0 437.0 
1 6 0.73 0.73 869.0 35.0 869.0 192.0 35.0 192.0 783.0 40.0 783.0 456.0 146.0 456.0 437.0 60.0 437.0 764.0 2.0 764.0 
1 2 0.04 0.04 487.0 4.0 487.0 321.0 12.0 321.0 
1 3 0.09 0.09 487.0 4.0 487.0 321.0 12.0 321.0 100.0 5.0 100.0 
1 4 0.12 0.12 487.0 4.0 487.0 321.0 12.0 321.0 100.0 5.0 100.0 384.0 12.0 384.0 
1 5 0.28 0.28 487.0 4.0 487.0 321.0 12.0 321.0 100.0 5.0 100.0 384.0 12.0 384.0 600.0 97.0 600.0 
1 6 0.47 0.47 487.0 4.0 487.0 321.0 12.0 321.0 100.0 5.0 100.0 384.0 12.0 384.0 600.0 97.0 600.0 397.0 74.0 397.0 
1 2 0.58 0.58 614.0 151.0 614.0 809.0 274.0 809.0 
1 3 0.72 0.72 614.0 151.0 614.0 809.0 274.0 809.0 993.0 141.0 993.0 
1 4 0.86 0.86 614.0 151.0 614.0 809.0 274.0 809.0 993.0 141.0 993.0 472.0 64.0 472.0 
1 5 0.91 0.91 614.0 151.0 614.0 809.0 274.0 809.0 993.0 141.0 993.0 472.0 64.0 472.0 20.0 1.0 20.0 
1 2 0.72 0.72 358.0 206.0 358.0 949.0 140.0 949.0 
1 3 0.82 0.82 358.0 206.0 358.0 949.0 140.0 949.0 955.0 94.0 955.0 
1 2 0.38 0.38 493.0 121.0 493.0 410.0 58.0 410.0 
1 2 0.33 0.33 491.0 119.0 491.0 740.0 68.0 740.0 
1 3 0.66 0.66 491.0 119.0 491.0 740.0 68.0 740.0 588.0 196.0 588.0 
1 2 0.29 0.29 349.0 68.0 349.0 673.0 69.0 673.0 
1 3 0.61 0.61 349.0 68.0 349.0 673.0 69.0 673.0 105.0 33.0 105.0 
1 4 0.93 0.93 349.0 68.0 349.0 673.0 69.0 673.0 105.0 33.0 105.0 719.0 233.0 719.0 
1 5 0.96 0.96 349.0 68.0 349.0 673.0 69.0 673.0 105.0 33.0 105.0 719.0 233.0 719.0 603.0 20.0 603.0 
1 2 0.21 0.21 393.0 25.0 393.0 933.0 142.0 933.0 
1 3 0.74 0.74 393.0 25.0 393.0 933.0 142.0 933.0 703.0 370.0 703.0 
1 4 0.9 0.9 393.0 25.0 393.0 933.0 142.0 933.0 703.0 370.0 703.0 571.0 94.0 571.0 
1 2 0.53 0.53 817.0 310.0 817.0 32.0 5.0 32.0 
1 2 0.13 0.13 940.0 117.0 940.0 709.0 10.0 709.0 
1 3 0.93 0.93 940.0 117.0 940.0 709.0 10.0 709.0 325.0 260.0 325.0 
1 2 0.42 0.42 805.0 108.0 805.0 944.0 270.0 944.0 
1 3 0.48 0.48 805.0 108.0 805.0 944.0 270.0 944.0 982.0 64.0 982.0 
1 4 0.61 0.61 805.0 108.0 805.0 944.0 270.0 944.0 982.0 64.0 982.0 775.0 104.0 775.0 
1 5 0.65 0.65 805.0 108.0 805.0 944.0 270.0 944.0 982.0 64.0 982.0 775.0 104.0 775.0 976.0 32.0 976.0 
1 6 0.8 0.8 805.0 108.0 805.0 944.0 270.0 944.0 982.0 64.0 982.0 775.0 104.0 775.0 976.0 32.0 976.0 762.0 113.0 762.0 
1 7 0.92 0.92 805.0 108.0 805.0 944.0 270.0 944.0 982.0 64.0 982.0 775.0 104.0 775.0 976.0 32.0 976.0 762.0 113.0 762.0 355.0 44.0 355.0 
1 2 0.91 0.91 736.0 148.0 736.0 554.0 397.0 554.0 
1 2 0.18 0.18 156.0 9.0 156.0 866.0 110.0 866.0 
1 3 0.61 0.61 156.0 9.0 156.0 866.0 110.0 866.0 300.0 129.0 300.0 
1 2 0.59 0.59 500.0 186.0 500.0 426.0 93.0 426.0 
1 3 0.62 0.62 500.0 186.0 500.0 426.0 93.0 426.0 470.0 14.0 470.0 
1 4 0.75 0.75 500.0 186.0 500.0 426.0 93.0 426.0 470.0 14.0 470.0 838.0 111.0 838.0 
1 2 0.85 0.85 724.0 186.0 724.0 704.0 421.0 704.0 
1 2 0.88 0.88 781.0 606.0 781.0 854.0 91.0 854.0 
1 2 0.7 0.7 679.0 71.0 679.0 434.0 261.0 434.0 
1 3 0.74 0.74 679.0 71.0 679.0 434.0 261.0 434.0 521.0 20.0 521.0 
1 2 0.75 0.75 683.0 193.0 683.0 201.0 95.0 201.0 
1 2 0.53 0.53 822.0 433.0 822.0 434.0 2.0 434.0 
1 3 0.56 0.56 822.0 433.0 822.0 434.0 2.0 434.0 940.0 33.0 940.0 
1 2 0.09 0.09 419.0 34.0 419.0 933.0 15.0 933.0 
1 3 0.1 0.1 419.0 34.0 419.0 933.0 15.0 933.0 724.0 4.0 724.0 
1 4 0.68 0.68 419.0 34.0 419.0 933.0 15.0 933.0 724.0 4.0 724.0 79.0 46.0 79.0 
1 2 0.91 0.91 176.0 12.0 176.0 743.0 630.0 743.0 
1 2 0.04 0.04 366.0 14.0 366.0 657.0 5.0 657.0 
1 3 0.77 0.77 366.0 14.0 366.0 657.0 5.0 657.0 11.0 8.0 11.0 
1 2 0.94 0.94 597.0 247.0 597.0 230.0 123.0 230.0 
1 2 0.68 0.68 702.0 348.0 702.0 927.0 174.0 927.0 
1 2 0.07 0.07 125.0 1.0 125.0 188.0 13.0 188.0 
1 3 0.52 0.52 125.0 1.0 125.0 188.0 13.0 188.0 169.0 75.0 169.0 
1 2 0.49 0.49 259.0 121.0 259.0 435.0 13.0 435.0 
1 2 0.41 0.41 732.0 3.0 732.0 616.0 252.0 616.0 
1 3 0.97 0.97 732.0 3.0 732.0 616.0 252.0 616.0 666.0 375.0 666.0 
1 2 0.85 0.85 900.0 79.0 900.0 441.0 338.0 441.0 
1 2 0.63 0.63 690.0 63.0 690.0 109.0 59.0 109.0 
1 2 0.12 0.12 283.0 3.0 283.0 849.0 93.0 849.0 
1 3 0.62 0.62 283.0 3.0 283.0 849.0 93.0 849.0 4.0 2.0 4.0 
1 2 0.2 0.2 850.0 26.0 850.0 135.0 24.0 135.0 
1 3 0.26 0.26 850.0 26.0 850.0 135.0 24.0 135.0 598.0 35.0 598.0 
1 2 0.56 0.56 132.0 15.0 132.0 746.0 336.0 746.0 
1 2 0.41 0.41 764.0 205.0 764.0 701.0 101.0 701.0 
1 3 0.56 0.56 764.0 205.0 764.0 701.0 101.0 701.0 964.0 149.0 964.0 
1 4 0.92 0.92 764.0 205.0 764.0 701.0 101.0 701.0 964.0 149.0 964.0 738.0 262.0 738.0 
1 2 0.34 0.34 521.0 8.0 521.0 230.0 75.0 230.0 
1 3 0.51 0.51 521.0 8.0 521.0 230.0 75.0 230.0 934.0 158.0 934.0 
1 2 0.23 0.23 105.0 7.0 105.0 930.0 154.0 930.0 
1 2 0.63 0.63 686.0 12.0 686.0 490.0 301.0 490.0 
1 3 0.73 0.73 686.0 12.0 686.0 490.0 301.0 490.0 643.0 68.0 643.0 
1 4 0.87 0.87 686.0 12.0 686.0 490.0 301.0 490.0 643.0 68.0 643.0 615.0 87.0 615.0 
1 2 0.78 0.78 718.0 137.0 718.0 74.0 44.0 74.0 
1 3 0.9 0.9 718.0 137.0 718.0 74.0 44.0 74.0 996.0 124.0 996.0 
1 2 0.6 0.6 303.0 11.0 303.0 270.0 153.0 270.0 
1 3 0.87 0.87 303.0 11.0 303.0 270.0 153.0 270.0 432.0 119.0 432.0 
1 2 0.77 0.77 606.0 417.0 606.0 625.0 53.0 625.0 
1 2 0.19 0.19 578.0 29.0 578.0 785.0 110.0 785.0 
1 3 0.61 0.61 578.0 29.0 578.0 785.0 110.0 785.0 288.0 121.0 288.0 
1 2 0.9 0.9 286.0 25.0 286.0 758.0 618.0 758.0 
1 2 0.77 0.77 798.0 323.0 798.0 8.0 3.0 8.0 
1 2 0.58 0.58 278.0 128.0 278.0 406.0 49.0 406.0 
1 3 0.94 0.94 278.0 128.0 278.0 406.0 49.0 406.0 969.0 350.0 969.0 
1 4 0.96 0.96 278.0 128.0 278.0 406.0 49.0 406.0 969.0 350.0 969.0 123.0 3.0 123.0 
1 2 0.59 0.59 373.0 162.0 373.0 965.0 153.0 965.0 
1 3 0.61 0.61 373.0 162.0 373.0 965.0 153.0 965.0 165.0 4.0 165.0 
1 4 0.87 0.87 373.0 162.0 373.0 965.0 153.0 965.0 165.0 4.0 165.0 46.0 12.0 46.0 
1 2 0.96 0.96 369.0 255.0 369.0 203.0 55.0 203.0 
1 2 0.65 0.65 250.0 27.0 250.0 440.0 240.0 440.0 
1 3 0.89 0.89 250.0 27.0 250.0 440.0 240.0 440.0 499.0 120.0 499.0 
1 2 0.39 0.39 370.0 62.0 370.0 998.0 231.0 998.0 
1 3 0.56 0.56 370.0 62.0 370.0 998.0 231.0 998.0 210.0 34.0 210.0 
1 2 0.41 0.41 392.0 144.0 392.0 21.0 1.0 21.0 
1 3 0.51 0.51 392.0 144.0 392.0 21.0 1.0 21.0 40.0 4.0 40.0 
1 2 0.3 0.3 627.0 53.0 627.0 254.0 55.0 254.0 
1 3 0.53 0.53 627.0 53.0 627.0 254.0 55.0 254.0 708.0 169.0 708.0 
1 4 0.76 0.76 627.0 53.0 627.0 254.0 55.0 254.0 708.0 169.0 708.0 640.0 146.0 640.0 
1 5 0.85 0.85 627.0 53.0 627.0 254.0 55.0 254.0 708.0 169.0 708.0 640.0 146.0 640.0 844.0 70.0 844.0 
1 2 0.84 0.84 855.0 250.0 855.0 693.0 380.0 693.0 
1 2 0.79 0.79 87.0 4.0 87.0 850.0 633.0 850.0 
1 2 0.36 0.36 475.0 102.0 475.0 639.0 96.0 639.0 
1 3 0.46 0.46 475.0 102.0 475.0 639.0 96.0 639.0 483.0 48.0 483.0 
1 4 0.75 0.75 475.0 102.0 475.0 639.0 96.0 639.0 483.0 48.0 483.0 470.0 137.0 470.0 
1 2 0.47 0.47 504.0 158.0 504.0 877.0 141.0 877.0 
1 3 0.87 0.87 504.0 158.0 504.0 877.0 141.0 877.0 515.0 204.0 515.0 
1 2 0.14 0.14 107.0 10.0 107.0 169.0 8.0 169.0 
1 2 0.89 0.89 52.0 35.0 52.0 105.0 23.0 105.0 
1 3 0.96 0.96 52.0 35.0 52.0 105.0 23.0 105.0 372.0 28.0 372.0 
1 4 0.99 0.99 52.0 35.0 52.0 105.0 23.0 105.0 372.0 28.0 372.0 308.0 9.0 308.0 
1 2 0.87 0.87 749.0 82.0 749.0 839.0 645.0 839.0 
1 2 0.27 0.27 858.0 183.0 858.0 336.0 21.0 336.0 
1 3 0.56 0.56 858.0 183.0 858.0 336.0 21.0 336.0 946.0 271.0 946.0 
1 4 0.7 0.7 858.0 183.0 858.0 336.0 21.0 336.0 946.0 271.0 946.0 922.0 130.0 922.0 
1 2 0.27 0.27 941.0 113.0 941.0 665.0 102.0 665.0 
1 3 0.57 0.57 941.0 113.0 941.0 665.0 102.0 665.0 172.0 52.0 172.0 
1 4 0.69 0.69 941.0 113.0 941.0 665.0 102.0 665.0 172.0 52.0 172.0 760.0 92.0 760.0 
1 2 0.52 0.52 309.0 59.0 309.0 71.0 24.0 71.0 
1 2 0.42 0.42 127.0 3.0 127.0 294.0 117.0 294.0 
1 3 0.84 0.84 127.0 3.0 127.0 294.0 117.0 294.0 397.0 167.0 397.0 
1 2 0.62 0.62 63.0 15.0 63.0 911.0 348.0 911.0 
1 3 0.65 0.65 63.0 15.0 63.0 911.0 348.0 911.0 634.0 20.0 634.0 
1 4 0.79 0.79 63.0 15.0 63.0 911.0 348.0 911.0 634.0 20.0 634.0 441.0 64.0 441.0 
1 5 0.89 0.89 63.0 15.0 63.0 911.0 348.0 911.0 634.0 20.0 634.0 441.0 64.0 441.0 638.0 63.0 638.0 
1 2 0.44 0.44 203.0 72.0 203.0 339.0 31.0 339.0 
1 2 0.31 0.31 616.0 120.0 616.0 141.0 17.0 141.0 
1 3 0.39 0.39 616.0 120.0 616.0 141.0 17.0 141.0 24.0 2.0 24.0 
1 2 0.75 0.75 755.0 404.0 755.0 314.0 70.0 314.0 
1 3 0.85 0.85 755.0 404.0 755.0 314.0 70.0 314.0 386.0 37.0 386.0 
1 2 0.54 0.54 761.0 253.0 761.0 739.0 157.0 739.0 
1 3 0.79 0.79 761.0 253.0 761.0 739.0 157.0 739.0 59.0 15.0 59.0 
1 2 0.19 0.19 125.0 2.0 125.0 17.0 3.0 17.0 
1 2 0.5 0.5 223.0 73.0 223.0 69.0 12.0 69.0 
1 3 0.67 0.67 223.0 73.0 223.0 69.0 12.0 69.0 182.0 32.0 182.0 
1 2 0.75 0.75 386.0 137.0 386.0 192.0 77.0 192.0 
1 2 0.71 0.71 576.0 1.0 576.0 751.0 537.0 751.0 
1 3 0.8 0.8 576.0 1.0 576.0 751.0 537.0 751.0 200.0 17.0 200.0 
1 2 0.76 0.76 927.0 544.0 927.0 279.0 50.0 279.0 
1 3 0.82 0.82 927.0 544.0 927.0 279.0 50.0 279.0 482.0 27.0 482.0 
1 4 0.93 0.93 927.0 544.0 927.0 279.0 50.0 279.0 482.0 27.0 482.0 951.0 112.0 951.0 
1 2 0.28 0.28 71.0 6.0 71.0 514.0 104.0 514.0 
1 3 0.64 0.64 71.0 6.0 71.0 514.0 104.0 514.0 155.0 55.0 155.0 
1 2 0.65 0.65 877.0 506.0 877.0 758.0 60.0 758.0 
1 3 0.74 0.74 877.0 506.0 877.0 758.0 60.0 758.0 374.0 32.0 374.0 
1 4 0.95 0.95 877.0 506.0 877.0 758.0 60.0 758.0 374.0 32.0 374.0 143.0 31.0 143.0 
1 2 0.56 0.56 72.0 12.0 72.0 58.0 23.0 58.0 
1 2 0.92 0.92 318.0 231.0 318.0 347.0 69.0 347.0 
1 2 0.51 0.51 372.0 40.0 372.0 367.0 150.0 367.0 
1 2 0.3 0.3 160.0 23.0 160.0 810.0 128.0 810.0 
1 3 0.63 0.63 160.0 23.0 160.0 810.0 128.0 810.0 251.0 84.0 251.0 
1 2 0.12 0.12 932.0 114.0 932.0 980.0 6.0 980.0 
1 3 0.17 0.17 932.0 114.0 932.0 980.0 6.0 980.0 777.0 33.0 777.0 
1 4 0.52 0.52 932.0 114.0 932.0 980.0 6.0 980.0 777.0 33.0 777.0 913.0 322.0 913.0 
1 5 0.84 0.84 932.0 114.0 932.0 980.0 6.0 980.0 777.0 33.0 777.0 913.0 322.0 913.0 104.0 33.0 104.0 
1 2 0.83 0.83 36.0 5.0 36.0 646.0 449.0 646.0 
1 2 0.74 0.74 739.0 369.0 739.0 695.0 169.0 695.0 
1 3 0.78 0.78 739.0 369.0 739.0 695.0 169.0 695.0 394.0 15.0 394.0 
1 2 0.4 0.4 680.0 73.0 680.0 729.0 216.0 729.0 
1 3 0.86 0.86 680.0 73.0 680.0 729.0 216.0 729.0 171.0 79.0 171.0 
1 2 0.67 0.67 147.0 11.0 147.0 634.0 382.0 634.0 
1 3 0.7 0.7 147.0 11.0 147.0 634.0 382.0 634.0 238.0 6.0 238.0 
1 4 0.75 0.75 147.0 11.0 147.0 634.0 382.0 634.0 238.0 6.0 238.0 218.0 11.0 218.0 
1 2 0.91 0.91 738.0 16.0 738.0 637.0 571.0 637.0 
1 2 0.21 0.21 916.0 186.0 916.0 906.0 10.0 906.0 
1 3 0.31 0.31 916.0 186.0 916.0 906.0 10.0 906.0 221.0 22.0 221.0 
1 2 0.87 0.87 394.0 171.0 394.0 171.0 76.0 171.0 
1 2 0.52 0.52 498.0 182.0 498.0 922.0 148.0 922.0 
1 3 0.98 0.98 498.0 182.0 498.0 922.0 148.0 922.0 797.0 369.0 797.0 
1 2 0.15 0.15 681.0 105.0 681.0 183.0 1.0 183.0 
1 3 0.18 0.18 681.0 105.0 681.0 183.0 1.0 183.0 591.0 14.0 591.0 
1 4 0.22 0.22 681.0 105.0 681.0 183.0 1.0 183.0 591.0 14.0 591.0 94.0 4.0 94.0 
1 5 0.68 0.68 681.0 105.0 681.0 183.0 1.0 183.0 591.0 14.0 591.0 94.0 4.0 94.0 11.0 5.0 11.0 
1 2 0.47 0.47 752.0 71.0 752.0 754.0 289.0 754.0 
1 3 0.61 0.61 752.0 71.0 752.0 754.0 289.0 754.0 456.0 62.0 456.0 
1 2 0.47 0.47 760.0 54.0 760.0 240.0 96.0 240.0 
1 3 0.97 0.97 760.0 54.0 760.0 240.0 96.0 240.0 16.0 8.0 16.0 
1 2 0.53 0.53 245.0 14.0 245.0 566.0 268.0 566.0 
1 3 0.6 0.6 245.0 14.0 245.0 566.0 268.0 566.0 665.0 48.0 665.0 
1 4 0.62 0.62 245.0 14.0 245.0 566.0 268.0 566.0 665.0 48.0 665.0 564.0 14.0 564.0 
1 5 0.78 0.78 245.0 14.0 245.0 566.0 268.0 566.0 665.0 48.0 665.0 564.0 14.0 564.0 457.0 71.0 457.0 
1 2 0.63 0.63 664.0 37.0 664.0 502.0 289.0 502.0 
1 3 0.69 0.69 664.0 37.0 664.0 502.0 289.0 502.0 31.0 2.0 31.0 
1 4 0.69 0.69 664.0 37.0 664.0 502.0 289.0 502.0 31.0 2.0 31.0 270.0 1.0 270.0 
1 5 0.96 0.96 664.0 37.0 664.0 502.0 289.0 502.0 31.0 2.0 31.0 270.0 1.0 270.0 568.0 152.0 568.0 
1 2 0.9 0.9 498.0 189.0 498.0 465.0 244.0 465.0 
1 3 0.93 0.93 498.0 189.0 498.0 465.0 244.0 465.0 28.0 1.0 28.0 
1 2 0.55 0.55 701.0 149.0 701.0 930.0 314.0 930.0 
1 3 0.64 0.64 701.0 149.0 701.0 930.0 314.0 930.0 847.0 80.0 847.0 
1 2 0.69 0.69 895.0 492.0 895.0 966.0 138.0 966.0 
1 2 0.68 0.68 241.0 54.0 241.0 138.0 63.0 138.0 
1 3 0.8 0.8 241.0 54.0 241.0 138.0 63.0 138.0 974.0 120.0 974.0 
1 2 0.81 0.81 906.0 77.0 906.0 615.0 447.0 615.0 
1 2 0.71 0.71 491.0 155.0 491.0 258.0 104.0 258.0 
1 2 0.63 0.63 778.0 232.0 778.0 232.0 78.0 232.0 
1 3 0.76 0.76 778.0 232.0 778.0 232.0 78.0 232.0 786.0 104.0 786.0 
1 2 0.91 0.91 848.0 517.0 848.0 344.0 106.0 344.0 
1 2 0.49 0.49 345.0 46.0 345.0 411.0 148.0 411.0 
1 3 0.98 0.98 345.0 46.0 345.0 411.0 148.0 411.0 766.0 379.0 766.0 
1 2 0.37 0.37 981.0 302.0 981.0 14.0 1.0 14.0 
1 3 0.86 0.86 981.0 302.0 981.0 14.0 1.0 14.0 544.0 264.0 544.0 
1 2 0.99 0.99 714.0 474.0 714.0 289.0 96.0 289.0 
1 2 0.36 0.36 546.0 51.0 546.0 139.0 38.0 139.0 
1 2 0.8 0.8 157.0 125.0 157.0 772.0 3.0 772.0 
1 3 0.87 0.87 157.0 125.0 157.0 772.0 3.0 772.0 683.0 54.0 683.0 
1 2 0.8 0.8 817.0 12.0 817.0 686.0 541.0 686.0 
1 3 0.94 0.94 817.0 12.0 817.0 686.0 541.0 686.0 162.0 23.0 162.0 
1 2 0.93 0.93 861.0 601.0 861.0 385.0 93.0 385.0 
1 2 0.58 0.58 821.0 10.0 821.0 767.0 443.0 767.0 
1 2 0.12 0.12 717.0 59.0 717.0 359.0 14.0 359.0 
1 3 0.27 0.27 717.0 59.0 717.0 359.0 14.0 359.0 177.0 28.0 177.0 
1 4 0.51 0.51 717.0 59.0 717.0 359.0 14.0 359.0 177.0 28.0 177.0 740.0 174.0 740.0 
1 5 0.99 0.99 717.0 59.0 717.0 359.0 14.0 359.0 177.0 28.0 177.0 740.0 174.0 740.0 279.0 135.0 279.0 
1 2 0.31 0.31 301.0 93.0 301.0 839.0 9.0 839.0 
1 3 0.33 0.33 301.0 93.0 301.0 839.0 9.0 839.0 386.0 6.0 386.0 
1 2 0.77 0.77 999.0 157.0 999.0 790.0 486.0 790.0 
1 2 0.33 0.33 988.0 195.0 988.0 495.0 67.0 495.0 
1 2 0.64 0.64 52.0 14.0 52.0 719.0 273.0 719.0 
1 2 0.46 0.46 798.0 95.0 798.0 539.0 185.0 539.0 
1 3 0.62 0.62 798.0 95.0 798.0 539.0 185.0 539.0 801.0 134.0 801.0 
1 4 0.87 0.87 798.0 95.0 798.0 539.0 185.0 539.0 801.0 134.0 801.0 170.0 42.0 170.0 
1 2 0.25 0.25 545.0 76.0 545.0 738.0 85.0 738.0 
1 3 0.44 0.44 545.0 76.0 545.0 738.0 85.0 738.0 527.0 100.0 527.0 
1 2 0.67 0.67 537.0 274.0 537.0 107.0 18.0 107.0 
1 3 0.7 0.7 537.0 274.0 537.0 107.0 18.0 107.0 757.0 23.0 757.0 
1 4 0.88 0.88 537.0 274.0 537.0 107.0 18.0 107.0 757.0 23.0 757.0 240.0 42.0 240.0 
1 5 0.9 0.9 537.0 274.0 537.0 107.0 18.0 107.0 757.0 23.0 757.0 240.0 42.0 240.0 695.0 16.0 695.0 
1 2 0.71 0.71 279.0 11.0 279.0 502.0 340.0 502.0 
1 2 0.91 0.91 606.0 439.0 606.0 969.0 188.0 969.0 
1 2 0.19 0.19 789.0 61.0 789.0 629.0 75.0 629.0 
1 3 0.81 0.81 789.0 61.0 789.0 629.0 75.0 629.0 630.0 389.0 630.0 
1 2 0.42 0.42 769.0 303.0 769.0 964.0 28.0 964.0 
1 3 0.49 0.49 769.0 303.0 769.0 964.0 28.0 964.0 540.0 37.0 540.0 
1 4 0.63 0.63 769.0 303.0 769.0 964.0 28.0 964.0 540.0 37.0 540.0 71.0 10.0 71.0 
1 5 0.63 0.63 769.0 303.0 769.0 964.0 28.0 964.0 540.0 37.0 540.0 71.0 10.0 71.0 327.0 2.0 327.0 
1 2 0.68 0.68 747.0 119.0 747.0 89.0 47.0 89.0 
1 2 0.22 0.22 911.0 94.0 911.0 185.0 22.0 185.0 
1 3 0.23 0.23 911.0 94.0 911.0 185.0 22.0 185.0 926.0 8.0 926.0 
1 4 0.86 0.86 911.0 94.0 911.0 185.0 22.0 185.0 926.0 8.0 926.0 576.0 365.0 576.0 
1 5 0.94 0.94 911.0 94.0 911.0 185.0 22.0 185.0 926.0 8.0 926.0 576.0 365.0 576.0 82.0 7.0 82.0 
1 2 0.18 0.18 724.0 71.0 724.0 420.0 35.0 420.0 
1 2 0.54 0.54 169.0 65.0 169.0 621.0 100.0 621.0 
1 3 0.81 0.81 169.0 65.0 169.0 621.0 100.0 621.0 755.0 206.0 755.0 
1 2 0.9 0.9 210.0 157.0 210.0 200.0 32.0 200.0 
1 2 0.71 0.71 161.0 72.0 161.0 168.0 45.0 168.0 
1 2 0.96 0.96 612.0 519.0 612.0 192.0 22.0 192.0 
1 2 0.94 0.94 837.0 107.0 837.0 517.0 425.0 517.0 
1 2 0.27 0.27 768.0 1.0 768.0 273.0 76.0 273.0 
1 3 0.69 0.69 768.0 1.0 768.0 273.0 76.0 273.0 621.0 256.0 621.0 
1 2 0.53 0.53 178.0 92.0 178.0 320.0 5.0 320.0 
1 2 0.59 0.59 914.0 211.0 914.0 867.0 318.0 867.0 
1 3 0.95 0.95 914.0 211.0 914.0 867.0 318.0 867.0 525.0 188.0 525.0 
1 2 0.54 0.54 495.0 130.0 495.0 461.0 129.0 461.0 
1 2 0.2 0.2 391.0 8.0 391.0 945.0 179.0 945.0 
1 3 0.9 0.9 391.0 8.0 391.0 945.0 179.0 945.0 843.0 583.0 843.0 
1 2 0.83 0.83 994.0 694.0 994.0 264.0 37.0 264.0 
1 3 0.91 0.91 994.0 694.0 994.0 264.0 37.0 264.0 273.0 22.0 273.0 
1 2 0.83 0.83 850.0 1.0 850.0 755.0 630.0 755.0 
1 3 0.83 0.83 850.0 1.0 850.0 755.0 630.0 755.0 240.0 1.0 240.0 
1 2 0.99 0.99 88.0 4.0 88.0 313.0 297.0 313.0 
1 2 0.74 0.74 970.0 222.0 970.0 289.0 149.0 289.0 
1 3 0.77 0.77 970.0 222.0 970.0 289.0 149.0 289.0 370.0 10.0 370.0 
1 2 0.25 0.25 344.0 53.0 344.0 295.0 31.0 295.0 
1 3 0.6 0.6 344.0 53.0 344.0 295.0 31.0 295.0 827.0 285.0 827.0 
1 2 0.59 0.59 498.0 56.0 498.0 554.0 265.0 554.0 
1 3 0.76 0.76 498.0 56.0 498.0 554.0 265.0 554.0 163.0 29.0 163.0 
1 4 0.91 0.91 498.0 56.0 498.0 554.0 265.0 554.0 163.0 29.0 163.0 682.0 101.0 682.0 
1 5 0.94 0.94 498.0 56.0 498.0 554.0 265.0 554.0 163.0 29.0 163.0 682.0 101.0 682.0 95.0 3.0 95.0 
1 2 0.66 0.66 838.0 43.0 838.0 659.0 407.0 659.0 
1 3 0.97 0.97 838.0 43.0 838.0 659.0 407.0 659.0 482.0 147.0 482.0 
1 2 0.36 0.36 597.0 182.0 597.0 674.0 43.0 674.0 
1 3 0.4 0.4 597.0 182.0 597.0 674.0 43.0 674.0 978.0 38.0 978.0 
1 4 0.62 0.62 597.0 182.0 597.0 674.0 43.0 674.0 978.0 38.0 978.0 356.0 77.0 356.0 
1 2 0.57 0.57 213.0 59.0 213.0 845.0 249.0 845.0 
1 2 0.61 0.61 150.0 4.0 150.0 995.0 584.0 995.0 
1 2 0.28 0.28 379.0 23.0 379.0 583.0 128.0 583.0 
1 2 0.72 0.72 303.0 154.0 303.0 201.0 44.0 201.0 
1 2 0.78 0.78 437.0 67.0 437.0 390.0 245.0 390.0 
1 2 0.13 0.13 289.0 5.0 289.0 613.0 73.0 613.0 
1 3 0.23 0.23 289.0 5.0 289.0 613.0 73.0 613.0 244.0 23.0 244.0 
1 4 0.65 0.65 289.0 5.0 289.0 613.0 73.0 613.0 244.0 23.0 244.0 7.0 3.0 7.0 
1 5 0.66 0.66 289.0 5.0 289.0 613.0 73.0 613.0 244.0 23.0 244.0 7.0 3.0 7.0 409.0 2.0 409.0 
1 6 0.78 0.78 289.0 5.0 289.0 613.0 73.0 613.0 244.0 23.0 244.0 7.0 3.0 7.0 409.0 2.0 409.0 588.0 72.0 588.0 
1 7 0.81 0.81 289.0 5.0 289.0 613.0 73.0 613.0 244.0 23.0 244.0 7.0 3.0 7.0 409.0 2.0 409.0 588.0 72.0 588.0 940.0 30.0 940.0 
1 8 0.97 0.97 289.0 5.0 289.0 613.0 73.0 613.0 244.0 23.0 244.0 7.0 3.0 7.0 409.0 2.0 409.0 588.0 72.0 588.0 940.0 30.0 940.0 114.0 18.0 114.0 
1 2 0.14 0.14 863.0 49.0 863.0 623.0 52.0 623.0 
1 3 0.43 0.43 863.0 49.0 863.0 623.0 52.0 623.0 940.0 279.0 940.0 
1 4 0.75 0.75 863.0 49.0 863.0 623.0 52.0 623.0 940.0 279.0 940.0 971.0 308.0 971.0 
1 2 0.17 0.17 232.0 13.0 232.0 141.0 17.0 141.0 
1 2 0.75 0.75 935.0 541.0 935.0 910.0 156.0 910.0 
1 2 0.68 0.68 35.0 19.0 35.0 572.0 79.0 572.0 
1 2 0.76 0.76 129.0 73.0 129.0 40.0 8.0 40.0 
1 2 0.94 0.94 530.0 41.0 530.0 223.0 193.0 223.0 
1 2 0.5 0.5 341.0 85.0 341.0 215.0 56.0 215.0 
1 3 0.56 0.56 341.0 85.0 341.0 215.0 56.0 215.0 339.0 18.0 339.0 
1 4 0.59 0.59 341.0 85.0 341.0 215.0 56.0 215.0 339.0 18.0 339.0 755.0 24.0 755.0 
1 5 0.64 0.64 341.0 85.0 341.0 215.0 56.0 215.0 339.0 18.0 339.0 755.0 24.0 755.0 676.0 37.0 676.0 
1 2 0.4 0.4 691.0 125.0 691.0 44.0 10.0 44.0 
1 2 0.88 0.88 209.0 118.0 209.0 556.0 180.0 556.0 
1 3 0.93 0.93 209.0 118.0 209.0 556.0 180.0 556.0 323.0 16.0 323.0 
1 4 0.95 0.95 209.0 118.0 209.0 556.0 180.0 556.0 323.0 16.0 323.0 733.0 10.0 733.0 
1 2 0.67 0.67 377.0 254.0 377.0 502.0 2.0 502.0 
1 3 0.8 0.8 377.0 254.0 377.0 502.0 2.0 502.0 939.0 117.0 939.0 
1 2 0.77 0.77 45.0 8.0 45.0 493.0 295.0 493.0 
1 3 0.83 0.83 45.0 8.0 45.0 493.0 295.0 493.0 303.0 18.0 303.0 
1 2 0.38 0.38 811.0 219.0 811.0 34.0 4.0 34.0 
1 3 0.49 0.49 811.0 219.0 811.0 34.0 4.0 34.0 298.0 33.0 298.0 
1 2 0.69 0.69 487.0 166.0 487.0 894.0 319.0 894.0 
1 3 0.92 0.92 487.0 166.0 487.0 894.0 319.0 894.0 606.0 140.0 606.0 
1 4 0.97 0.97 487.0 166.0 487.0 894.0 319.0 894.0 606.0 140.0 606.0 360.0 15.0 360.0 
1 2 0.33 0.33 416.0 129.0 416.0 939.0 22.0 939.0 
1 3 0.8 0.8 416.0 129.0 416.0 939.0 22.0 939.0 740.0 350.0 740.0 
1 2 0.91 0.91 39.0 15.0 39.0 57.0 30.0 57.0 
1 2 0.55 0.55 795.0 252.0 795.0 216.0 51.0 216.0 
1 2 0.5 0.5 549.0 174.0 549.0 97.0 18.0 97.0 
1 3 0.91 0.91 549.0 174.0 549.0 97.0 18.0 97.0 115.0 47.0 115.0 
1 2 0.42 0.42 651.0 186.0 651.0 189.0 26.0 189.0 
1 3 0.42 0.42 651.0 186.0 651.0 189.0 26.0 189.0 855.0 4.0 855.0 
1 4 0.7 0.7 651.0 186.0 651.0 189.0 26.0 189.0 855.0 4.0 855.0 492.0 136.0 492.0 
1 2 0.14 0.14 573.0 41.0 573.0 504.0 39.0 504.0 
1 3 0.68 0.68 573.0 41.0 573.0 504.0 39.0 504.0 32.0 17.0 32.0 
1 2 0.98 0.98 482.0 375.0 482.0 828.0 168.0 828.0 
1 3 0.99 0.99 482.0 375.0 482.0 828.0 168.0 828.0 547.0 6.0 547.0 
1 2 0.52 0.52 626.0 286.0 626.0 651.0 44.0 651.0 
1 3 0.58 0.58 626.0 286.0 626.0 651.0 44.0 651.0 694.0 41.0 694.0 
1 4 0.96 0.96 626.0 286.0 626.0 651.0 44.0 651.0 694.0 41.0 694.0 674.0 255.0 674.0 
1 2 0.79 0.79 628.0 402.0 628.0 918.0 143.0 918.0 
1 2 0.22 0.22 771.0 84.0 771.0 677.0 80.0 677.0 
1 3 0.64 0.64 771.0 84.0 771.0 677.0 80.0 677.0 105.0 44.0 105.0 
1 4 0.91 0.91 771.0 84.0 771.0 677.0 80.0 677.0 105.0 44.0 105.0 470.0 127.0 470.0 
1 2 0.46 0.46 176.0 73.0 176.0 780.0 38.0 780.0 
1 3 0.68 0.68 176.0 73.0 176.0 780.0 38.0 780.0 529.0 119.0 529.0 
1 2 0.48 0.48 339.0 99.0 339.0 568.0 109.0 568.0 
1 3 0.92 0.92 339.0 99.0 339.0 568.0 109.0 568.0 771.0 338.0 771.0 
1 2 0.22 0.22 915.0 17.0 915.0 615.0 130.0 615.0 
1 3 0.29 0.29 915.0 17.0 915.0 615.0 130.0 615.0 983.0 62.0 983.0 
1 2 0.78 0.78 774.0 20.0 774.0 655.0 497.0 655.0 
1 3 0.81 0.81 774.0 20.0 774.0 655.0 497.0 655.0 811.0 21.0 811.0 
1 2 0.24 0.24 52.0 8.0 52.0 383.0 36.0 383.0 
1 3 0.26 0.26 52.0 8.0 52.0 383.0 36.0 383.0 136.0 3.0 136.0 
1 4 0.91 0.91 52.0 8.0 52.0 383.0 36.0 383.0 136.0 3.0 136.0 715.0 458.0 715.0 
1 2 0.82 0.82 165.0 23.0 165.0 398.0 271.0 398.0 
1 3 0.91 0.91 165.0 23.0 165.0 398.0 271.0 398.0 367.0 33.0 367.0 
1 2 0.99 0.99 893.0 675.0 893.0 414.0 101.0 414.0 
1 2 0.65 0.65 509.0 212.0 509.0 468.0 113.0 468.0 
1 3 0.83 0.83 509.0 212.0 509.0 468.0 113.0 468.0 661.0 115.0 661.0 
1 2 0.74 0.74 584.0 403.0 584.0 767.0 43.0 767.0 
1 2 0.22 0.22 427.0 64.0 427.0 350.0 26.0 350.0 
1 3 0.83 0.83 427.0 64.0 427.0 350.0 26.0 350.0 477.0 291.0 477.0 
1 2 0.65 0.65 153.0 63.0 153.0 751.0 186.0 751.0 
1 2 0.03 0.03 561.0 20.0 561.0 648.0 2.0 648.0 
1 2 0.85 0.85 692.0 71.0 692.0 370.0 279.0 370.0 
1 2 0.77 0.77 204.0 35.0 204.0 376.0 227.0 376.0 
1 2 0.4 0.4 516.0 142.0 516.0 925.0 121.0 925.0 
1 3 0.63 0.63 516.0 142.0 516.0 925.0 121.0 925.0 255.0 59.0 255.0 
1 2 0.83 0.83 870.0 340.0 870.0 767.0 337.0 767.0 
1 2 0.54 0.54 142.0 52.0 142.0 879.0 154.0 879.0 
1 3 0.58 0.58 142.0 52.0 142.0 879.0 154.0 879.0 953.0 41.0 953.0 
1 4 0.7 0.7 142.0 52.0 142.0 879.0 154.0 879.0 953.0 41.0 953.0 605.0 71.0 605.0 
1 2 0.67 0.67 849.0 77.0 849.0 432.0 252.0 432.0 
1 2 0.38 0.38 946.0 260.0 946.0 494.0 53.0 494.0 
1 2 0.9 0.9 251.0 110.0 251.0 227.0 105.0 227.0 
1 2 0.78 0.78 689.0 375.0 689.0 649.0 158.0 649.0 
1 2 0.27 0.27 438.0 71.0 438.0 947.0 107.0 947.0 
1 3 0.82 0.82 438.0 71.0 438.0 947.0 107.0 947.0 893.0 488.0 893.0 
1 4 0.96 0.96 438.0 71.0 438.0 947.0 107.0 947.0 893.0 488.0 893.0 7.0 1.0 7.0 
1 2 0.43 0.43 748.0 103.0 748.0 487.0 147.0 487.0 
1 3 0.75 0.75 748.0 103.0 748.0 487.0 147.0 487.0 820.0 255.0 820.0 
1 2 0.4 0.4 850.0 116.0 850.0 22.0 6.0 22.0 
1 3 0.52 0.52 850.0 116.0 850.0 22.0 6.0 22.0 624.0 73.0 624.0 
1 2 0.64 0.64 245.0 81.0 245.0 600.0 190.0 600.0 
1 3 0.88 0.88 245.0 81.0 245.0 600.0 190.0 600.0 411.0 98.0 411.0 
1 2 0.31 0.31 881.0 150.0 881.0 647.0 96.0 647.0 
1 2 0.58 0.58 924.0 197.0 924.0 860.0 322.0 860.0 
1 3 0.78 0.78 924.0 197.0 924.0 860.0 322.0 860.0 175.0 34.0 175.0 
1 2 0.85 0.85 684.0 169.0 684.0 459.0 281.0 459.0 
1 2 0.92 0.92 187.0 102.0 187.0 443.0 166.0 443.0 
1 2 0.69 0.69 79.0 14.0 79.0 494.0 255.0 494.0 
1 2 0.45 0.45 959.0 330.0 959.0 677.0 73.0 677.0 
1 3 0.54 0.54 959.0 330.0 959.0 677.0 73.0 677.0 215.0 20.0 215.0 
1 2 0.55 0.55 41.0 16.0 41.0 872.0 147.0 872.0 
1 3 0.76 0.76 41.0 16.0 41.0 872.0 147.0 872.0 946.0 194.0 946.0 
1 2 0.72 0.72 500.0 244.0 500.0 322.0 76.0 322.0 
1 2 0.72 0.72 101.0 36.0 101.0 606.0 225.0 606.0 
1 3 0.88 0.88 101.0 36.0 101.0 606.0 225.0 606.0 819.0 131.0 819.0 
1 2 0.68 0.68 340.0 145.0 340.0 243.0 64.0 243.0 
1 2 0.56 0.56 484.0 245.0 484.0 809.0 45.0 809.0 
1 3 0.95 0.95 484.0 245.0 484.0 809.0 45.0 809.0 92.0 36.0 92.0 
1 2 0.76 0.76 225.0 33.0 225.0 183.0 114.0 183.0 
1 2 0.86 0.86 505.0 399.0 505.0 395.0 31.0 395.0 
1 2 0.84 0.84 916.0 521.0 916.0 926.0 260.0 926.0 
1 2 0.74 0.74 581.0 336.0 581.0 988.0 165.0 988.0 
1 2 0.5 0.5 961.0 397.0 961.0 161.0 15.0 161.0 
1 3 0.77 0.77 961.0 397.0 961.0 161.0 15.0 161.0 781.0 213.0 781.0 
1 2 0.58 0.58 572.0 276.0 572.0 291.0 30.0 291.0 
1 3 0.76 0.76 572.0 276.0 572.0 291.0 30.0 291.0 846.0 154.0 846.0 
1 2 0.99 0.99 301.0 142.0 301.0 658.0 342.0 658.0 
1 2 0.51 0.51 665.0 275.0 665.0 958.0 94.0 958.0 
1 3 0.59 0.59 665.0 275.0 665.0 958.0 94.0 958.0 206.0 18.0 206.0 
1 2 0.19 0.19 547.0 97.0 547.0 390.0 5.0 390.0 
1 3 0.79 0.79 547.0 97.0 547.0 390.0 5.0 390.0 651.0 395.0 651.0 
1 2 0.94 0.94 636.0 230.0 636.0 611.0 358.0 611.0 
1 2 0.82 0.82 367.0 276.0 367.0 239.0 17.0 239.0 
1 3 0.95 0.95 367.0 276.0 367.0 239.0 17.0 239.0 66.0 9.0 66.0 
1 2 0.41 0.41 152.0 12.0 152.0 786.0 265.0 786.0 
1 3 0.71 0.71 152.0 12.0 152.0 786.0 265.0 786.0 804.0 237.0 804.0 
1 2 0.93 0.93 754.0 56.0 754.0 432.0 371.0 432.0 
1 3 0.96 0.96 754.0 56.0 754.0 432.0 371.0 432.0 438.0 13.0 438.0 
1 2 0.25 0.25 648.0 127.0 648.0 385.0 22.0 385.0 
1 3 0.31 0.31 648.0 127.0 648.0 385.0 22.0 385.0 719.0 47.0 719.0 
1 4 0.62 0.62 648.0 127.0 648.0 385.0 22.0 385.0 719.0 47.0 719.0 672.0 209.0 672.0 
1 5 0.84 0.84 648.0 127.0 648.0 385.0 22.0 385.0 719.0 47.0 719.0 672.0 209.0 672.0 873.0 185.0 873.0 
1 2 0.66 0.66 601.0 190.0 601.0 702.0 245.0 702.0 
1 3 0.88 0.88 601.0 190.0 601.0 702.0 245.0 702.0 627.0 136.0 627.0 
1 2 0.13 0.13 935.0 109.0 935.0 756.0 16.0 756.0 
1 3 0.92 0.92 935.0 109.0 935.0 756.0 16.0 756.0 863.0 676.0 863.0 
1 2 0.67 0.67 177.0 10.0 177.0 78.0 48.0 78.0 
1 3 0.78 0.78 177.0 10.0 177.0 78.0 48.0 78.0 132.0 15.0 132.0 
1 2 0.83 0.83 843.0 372.0 843.0 88.0 35.0 88.0 
1 2 0.57 0.57 434.0 124.0 434.0 933.0 267.0 933.0 
1 3 0.98 0.98 434.0 124.0 434.0 933.0 267.0 933.0 888.0 369.0 888.0 
1 2 0.44 0.44 282.0 43.0 282.0 324.0 96.0 324.0 
1 3 0.9 0.9 282.0 43.0 282.0 324.0 96.0 324.0 933.0 426.0 933.0 
1 2 0.65 0.65 997.0 294.0 997.0 295.0 105.0 295.0 
1 2 0.41 0.41 266.0 12.0 266.0 305.0 114.0 305.0 
1 3 0.76 0.76 266.0 12.0 266.0 305.0 114.0 305.0 792.0 274.0 792.0 
1 2 0.25 0.25 840.0 95.0 840.0 905.0 132.0 905.0 
1 3 0.69 0.69 840.0 95.0 840.0 905.0 132.0 905.0 591.0 258.0 591.0 
1 2 0.49 0.49 864.0 406.0 864.0 40.0 1.0 40.0 
1 3 0.73 0.73 864.0 406.0 864.0 40.0 1.0 40.0 98.0 24.0 98.0 
1 4 0.81 0.81 864.0 406.0 864.0 40.0 1.0 40.0 98.0 24.0 98.0 402.0 30.0 402.0 
1 2 0.73 0.73 432.0 285.0 432.0 157.0 12.0 157.0 
1 3 0.84 0.84 432.0 285.0 432.0 157.0 12.0 157.0 101.0 11.0 101.0 
1 2 0.62 0.62 535.0 319.0 535.0 281.0 9.0 281.0 
1 2 0.25 0.25 359.0 80.0 359.0 435.0 16.0 435.0 
1 3 0.61 0.61 359.0 80.0 359.0 435.0 16.0 435.0 454.0 162.0 454.0 
1 4 0.61 0.61 359.0 80.0 359.0 435.0 16.0 435.0 454.0 162.0 454.0 868.0 2.0 868.0 
1 5 0.99 0.99 359.0 80.0 359.0 435.0 16.0 435.0 454.0 162.0 454.0 868.0 2.0 868.0 289.0 110.0 289.0 
1 2 0.4 0.4 353.0 80.0 353.0 212.0 37.0 212.0 
1 3 0.4 0.4 353.0 80.0 353.0 212.0 37.0 212.0 877.0 1.0 877.0 
1 4 0.73 0.73 353.0 80.0 353.0 212.0 37.0 212.0 877.0 1.0 877.0 435.0 143.0 435.0 
1 5 0.8 0.8 353.0 80.0 353.0 212.0 37.0 212.0 877.0 1.0 877.0 435.0 143.0 435.0 908.0 69.0 908.0 
1 2 0.76 0.76 125.0 70.0 125.0 735.0 147.0 735.0 
