1 2 0.18 0.18 788.0 7.0 788.0 224.0 40.0 224.0 
1 3 0.67 0.67 788.0 7.0 788.0 224.0 40.0 224.0 491.0 241.0 491.0 
1 4 0.74 0.74 788.0 7.0 788.0 224.0 40.0 224.0 491.0 241.0 491.0 915.0 63.0 915.0 
1 5 0.98 0.98 788.0 7.0 788.0 224.0 40.0 224.0 491.0 241.0 491.0 915.0 63.0 915.0 792.0 185.0 792.0 
1 2 0.54 0.54 959.0 135.0 959.0 697.0 284.0 697.0 
1 3 0.76 0.76 959.0 135.0 959.0 697.0 284.0 697.0 91.0 20.0 91.0 
1 4 0.91 0.91 959.0 135.0 959.0 697.0 284.0 697.0 91.0 20.0 91.0 956.0 136.0 956.0 
1 2 0.57 0.57 428.0 227.0 428.0 659.0 32.0 659.0 
1 2 0.88 0.88 356.0 118.0 356.0 677.0 374.0 677.0 
1 2 0.96 0.96 46.0 12.0 46.0 664.0 469.0 664.0 
1 2 0.48 0.48 30.0 2.0 30.0 381.0 161.0 381.0 
1 3 0.99 0.99 30.0 2.0 30.0 381.0 161.0 381.0 448.0 226.0 448.0 
1 2 0.46 0.46 608.0 121.0 608.0 561.0 149.0 561.0 
1 3 0.51 0.51 608.0 121.0 608.0 561.0 149.0 561.0 352.0 17.0 352.0 
1 2 0.94 0.94 899.0 287.0 899.0 112.0 70.0 112.0 
1 2 0.55 0.55 645.0 153.0 645.0 177.0 56.0 177.0 
1 3 0.76 0.76 645.0 153.0 645.0 177.0 56.0 177.0 279.0 58.0 279.0 
1 2 0.63 0.63 53.0 28.0 53.0 982.0 102.0 982.0 
1 3 0.83 0.83 53.0 28.0 53.0 982.0 102.0 982.0 650.0 133.0 650.0 
1 2 0.29 0.29 202.0 21.0 202.0 606.0 113.0 606.0 
1 3 0.93 0.93 202.0 21.0 202.0 606.0 113.0 606.0 459.0 297.0 459.0 
1 2 0.87 0.87 521.0 394.0 521.0 952.0 115.0 952.0 
1 2 0.36 0.36 977.0 166.0 977.0 965.0 193.0 965.0 
1 3 0.62 0.62 977.0 166.0 977.0 965.0 193.0 965.0 51.0 13.0 51.0 
1 2 0.22 0.22 377.0 50.0 377.0 909.0 86.0 909.0 
1 3 0.69 0.69 377.0 50.0 377.0 909.0 86.0 909.0 685.0 322.0 685.0 
1 2 0.98 0.98 191.0 54.0 191.0 528.0 369.0 528.0 
1 2 0.84 0.84 416.0 234.0 416.0 311.0 89.0 311.0 
1 2 0.5 0.5 363.0 99.0 363.0 415.0 95.0 415.0 
1 3 0.62 0.62 363.0 99.0 363.0 415.0 95.0 415.0 511.0 61.0 511.0 
1 2 0.25 0.25 945.0 96.0 945.0 874.0 131.0 874.0 
1 3 0.5 0.5 945.0 96.0 945.0 874.0 131.0 874.0 745.0 190.0 745.0 
1 4 0.77 0.77 945.0 96.0 945.0 874.0 131.0 874.0 745.0 190.0 745.0 788.0 212.0 788.0 
1 2 0.7 0.7 253.0 138.0 253.0 464.0 75.0 464.0 
1 2 0.48 0.48 504.0 11.0 504.0 15.0 7.0 15.0 
1 3 0.64 0.64 504.0 11.0 504.0 15.0 7.0 15.0 145.0 23.0 145.0 
1 4 0.69 0.69 504.0 11.0 504.0 15.0 7.0 15.0 145.0 23.0 145.0 21.0 1.0 21.0 
1 2 0.78 0.78 654.0 23.0 654.0 505.0 381.0 505.0 
1 3 0.79 0.79 654.0 23.0 654.0 505.0 381.0 505.0 301.0 2.0 301.0 
1 4 0.94 0.94 654.0 23.0 654.0 505.0 381.0 505.0 301.0 2.0 301.0 799.0 121.0 799.0 
1 2 0.22 0.22 706.0 62.0 706.0 715.0 96.0 715.0 
1 3 0.42 0.42 706.0 62.0 706.0 715.0 96.0 715.0 745.0 151.0 745.0 
1 4 0.77 0.77 706.0 62.0 706.0 715.0 96.0 715.0 745.0 151.0 745.0 531.0 187.0 531.0 
1 2 0.83 0.83 582.0 128.0 582.0 246.0 151.0 246.0 
1 2 0.8 0.8 979.0 680.0 979.0 690.0 75.0 690.0 
1 2 0.26 0.26 848.0 55.0 848.0 376.0 76.0 376.0 
1 3 0.53 0.53 848.0 55.0 848.0 376.0 76.0 376.0 467.0 127.0 467.0 
1 4 0.85 0.85 848.0 55.0 848.0 376.0 76.0 376.0 467.0 127.0 467.0 851.0 270.0 851.0 
1 2 0.73 0.73 151.0 1.0 151.0 581.0 422.0 581.0 
1 2 0.99 0.99 34.0 19.0 34.0 672.0 293.0 672.0 
1 2 0.8 0.8 43.0 2.0 43.0 964.0 735.0 964.0 
1 2 0.51 0.51 592.0 240.0 592.0 247.0 26.0 247.0 
1 2 0.13 0.13 520.0 67.0 520.0 378.0 2.0 378.0 
1 3 0.2 0.2 520.0 67.0 520.0 378.0 2.0 378.0 574.0 40.0 574.0 
1 4 0.39 0.39 520.0 67.0 520.0 378.0 2.0 378.0 574.0 40.0 574.0 773.0 148.0 773.0 
1 5 0.68 0.68 520.0 67.0 520.0 378.0 2.0 378.0 574.0 40.0 574.0 773.0 148.0 773.0 925.0 270.0 925.0 
1 6 0.88 0.88 520.0 67.0 520.0 378.0 2.0 378.0 574.0 40.0 574.0 773.0 148.0 773.0 925.0 270.0 925.0 883.0 172.0 883.0 
1 7 0.93 0.93 520.0 67.0 520.0 378.0 2.0 378.0 574.0 40.0 574.0 773.0 148.0 773.0 925.0 270.0 925.0 883.0 172.0 883.0 994.0 53.0 994.0 
1 2 0.94 0.94 520.0 447.0 520.0 621.0 52.0 621.0 
1 2 0.54 0.54 681.0 336.0 681.0 698.0 38.0 698.0 
1 3 0.78 0.78 681.0 336.0 681.0 698.0 38.0 698.0 287.0 69.0 287.0 
1 2 0.63 0.63 189.0 89.0 189.0 173.0 28.0 173.0 
1 2 0.59 0.59 135.0 54.0 135.0 553.0 106.0 553.0 
1 2 0.59 0.59 83.0 45.0 83.0 644.0 37.0 644.0 
1 2 0.67 0.67 297.0 64.0 297.0 727.0 334.0 727.0 
1 3 0.72 0.72 297.0 64.0 297.0 727.0 334.0 727.0 507.0 23.0 507.0 
1 2 0.86 0.86 265.0 83.0 265.0 196.0 109.0 196.0 
1 2 0.92 0.92 994.0 381.0 994.0 796.0 430.0 796.0 
1 2 0.25 0.25 308.0 74.0 308.0 634.0 11.0 634.0 
1 3 0.38 0.38 308.0 74.0 308.0 634.0 11.0 634.0 401.0 52.0 401.0 
1 4 0.6 0.6 308.0 74.0 308.0 634.0 11.0 634.0 401.0 52.0 401.0 241.0 53.0 241.0 
1 5 0.79 0.79 308.0 74.0 308.0 634.0 11.0 634.0 401.0 52.0 401.0 241.0 53.0 241.0 471.0 90.0 471.0 
1 2 0.99 0.99 78.0 20.0 78.0 166.0 123.0 166.0 
1 2 0.5 0.5 377.0 63.0 377.0 36.0 12.0 36.0 
1 2 0.97 0.97 443.0 40.0 443.0 764.0 678.0 764.0 
1 2 0.69 0.69 501.0 259.0 501.0 853.0 152.0 853.0 
1 2 0.93 0.93 925.0 434.0 925.0 811.0 376.0 811.0 
1 2 0.91 0.91 246.0 59.0 246.0 385.0 260.0 385.0 
1 2 0.96 0.96 61.0 37.0 61.0 541.0 192.0 541.0 
1 2 0.8 0.8 112.0 64.0 112.0 679.0 159.0 679.0 
1 2 0.82 0.82 78.0 36.0 78.0 52.0 19.0 52.0 
1 2 0.45 0.45 268.0 11.0 268.0 17.0 7.0 17.0 
1 3 0.6 0.6 268.0 11.0 268.0 17.0 7.0 17.0 933.0 142.0 933.0 
1 2 0.83 0.83 773.0 630.0 773.0 326.0 6.0 326.0 
1 2 0.96 0.96 739.0 200.0 739.0 381.0 264.0 381.0 
1 2 0.33 0.33 38.0 11.0 38.0 752.0 35.0 752.0 
1 3 0.61 0.61 38.0 11.0 38.0 752.0 35.0 752.0 178.0 50.0 178.0 
1 4 0.95 0.95 38.0 11.0 38.0 752.0 35.0 752.0 178.0 50.0 178.0 195.0 65.0 195.0 
1 2 0.2 0.2 292.0 18.0 292.0 919.0 132.0 919.0 
1 3 0.59 0.59 292.0 18.0 292.0 919.0 132.0 919.0 284.0 112.0 284.0 
1 4 0.79 0.79 292.0 18.0 292.0 919.0 132.0 919.0 284.0 112.0 284.0 5.0 1.0 5.0 
1 5 0.99 0.99 292.0 18.0 292.0 919.0 132.0 919.0 284.0 112.0 284.0 5.0 1.0 5.0 935.0 184.0 935.0 
1 2 0.72 0.72 137.0 74.0 137.0 665.0 124.0 665.0 
1 3 0.76 0.76 137.0 74.0 137.0 665.0 124.0 665.0 831.0 34.0 831.0 
1 4 0.99 0.99 137.0 74.0 137.0 665.0 124.0 665.0 831.0 34.0 831.0 811.0 188.0 811.0 
1 2 0.34 0.34 286.0 16.0 286.0 613.0 176.0 613.0 
1 3 0.62 0.62 286.0 16.0 286.0 613.0 176.0 613.0 656.0 184.0 656.0 
1 2 0.92 0.92 94.0 25.0 94.0 532.0 350.0 532.0 
1 3 0.94 0.94 94.0 25.0 94.0 532.0 350.0 532.0 208.0 5.0 208.0 
1 2 0.66 0.66 605.0 366.0 605.0 724.0 45.0 724.0 
1 2 0.86 0.86 741.0 49.0 741.0 5.0 4.0 5.0 
1 2 0.95 0.95 291.0 147.0 291.0 260.0 116.0 260.0 
1 2 0.5 0.5 555.0 130.0 555.0 184.0 49.0 184.0 
1 2 0.93 0.93 307.0 118.0 307.0 397.0 217.0 397.0 
1 2 0.45 0.45 779.0 176.0 779.0 456.0 104.0 456.0 
1 3 0.67 0.67 779.0 176.0 779.0 456.0 104.0 456.0 744.0 161.0 744.0 
1 2 0.73 0.73 91.0 22.0 91.0 441.0 217.0 441.0 
1 2 0.95 0.95 655.0 424.0 655.0 534.0 165.0 534.0 
1 2 0.88 0.88 839.0 414.0 839.0 149.0 58.0 149.0 
1 2 0.72 0.72 938.0 478.0 938.0 277.0 61.0 277.0 
1 2 0.63 0.63 310.0 7.0 310.0 466.0 287.0 466.0 
1 2 0.8 0.8 275.0 152.0 275.0 291.0 72.0 291.0 
1 3 0.96 0.96 275.0 152.0 275.0 291.0 72.0 291.0 260.0 43.0 260.0 
1 2 0.3 0.3 492.0 10.0 492.0 393.0 111.0 393.0 
1 3 0.49 0.49 492.0 10.0 492.0 393.0 111.0 393.0 477.0 94.0 477.0 
1 2 0.95 0.95 734.0 166.0 734.0 78.0 57.0 78.0 
1 2 0.95 0.95 247.0 94.0 247.0 772.0 442.0 772.0 
1 2 0.46 0.46 491.0 41.0 491.0 47.0 18.0 47.0 
1 3 0.54 0.54 491.0 41.0 491.0 47.0 18.0 47.0 886.0 71.0 886.0 
1 2 0.35 0.35 485.0 158.0 485.0 893.0 29.0 893.0 
1 2 0.98 0.98 941.0 297.0 941.0 742.0 498.0 742.0 
1 2 0.09 0.09 970.0 50.0 970.0 463.0 18.0 463.0 
1 3 0.12 0.12 970.0 50.0 970.0 463.0 18.0 463.0 471.0 18.0 471.0 
1 4 0.93 0.93 970.0 50.0 970.0 463.0 18.0 463.0 471.0 18.0 471.0 553.0 444.0 553.0 
1 2 0.99 0.99 278.0 218.0 278.0 410.0 87.0 410.0 
1 2 0.68 0.68 815.0 404.0 815.0 569.0 108.0 569.0 
1 3 0.78 0.78 815.0 404.0 815.0 569.0 108.0 569.0 840.0 83.0 840.0 
1 4 0.89 0.89 815.0 404.0 815.0 569.0 108.0 569.0 840.0 83.0 840.0 765.0 88.0 765.0 
1 2 0.9 0.9 450.0 22.0 450.0 587.0 505.0 587.0 
1 2 0.43 0.43 510.0 177.0 510.0 376.0 34.0 376.0 
1 3 0.49 0.49 510.0 177.0 510.0 376.0 34.0 376.0 589.0 34.0 589.0 
1 2 0.39 0.39 487.0 68.0 487.0 546.0 140.0 546.0 
1 2 0.67 0.67 516.0 214.0 516.0 160.0 41.0 160.0 
1 3 0.8 0.8 516.0 214.0 516.0 160.0 41.0 160.0 145.0 20.0 145.0 
1 2 0.91 0.91 506.0 445.0 506.0 786.0 28.0 786.0 
1 2 0.18 0.18 742.0 129.0 742.0 681.0 9.0 681.0 
1 2 0.48 0.48 270.0 86.0 270.0 293.0 49.0 293.0 
1 2 0.37 0.37 73.0 17.0 73.0 487.0 69.0 487.0 
1 3 0.92 0.92 73.0 17.0 73.0 487.0 69.0 487.0 683.0 374.0 683.0 
1 2 0.56 0.56 375.0 199.0 375.0 672.0 26.0 672.0 
1 2 0.3 0.3 421.0 112.0 421.0 563.0 23.0 563.0 
1 2 0.47 0.47 119.0 11.0 119.0 697.0 270.0 697.0 
1 3 0.77 0.77 119.0 11.0 119.0 697.0 270.0 697.0 71.0 21.0 71.0 
1 2 0.65 0.65 171.0 59.0 171.0 844.0 260.0 844.0 
1 3 0.91 0.91 171.0 59.0 171.0 844.0 260.0 844.0 175.0 46.0 175.0 
1 4 0.97 0.97 171.0 59.0 171.0 844.0 260.0 844.0 175.0 46.0 175.0 748.0 47.0 748.0 
1 2 0.31 0.31 691.0 149.0 691.0 198.0 20.0 198.0 
1 3 0.75 0.75 691.0 149.0 691.0 198.0 20.0 198.0 248.0 109.0 248.0 
1 4 0.91 0.91 691.0 149.0 691.0 198.0 20.0 198.0 248.0 109.0 248.0 442.0 70.0 442.0 
1 2 0.38 0.38 568.0 78.0 568.0 903.0 227.0 903.0 
1 3 0.73 0.73 568.0 78.0 568.0 903.0 227.0 903.0 435.0 151.0 435.0 
1 2 0.68 0.68 287.0 68.0 287.0 489.0 217.0 489.0 
1 2 0.56 0.56 438.0 70.0 438.0 974.0 396.0 974.0 
1 3 0.8 0.8 438.0 70.0 438.0 974.0 396.0 974.0 288.0 68.0 288.0 
1 4 0.83 0.83 438.0 70.0 438.0 974.0 396.0 974.0 288.0 68.0 288.0 571.0 19.0 571.0 
1 2 0.67 0.67 832.0 275.0 832.0 791.0 269.0 791.0 
1 3 0.96 0.96 832.0 275.0 832.0 791.0 269.0 791.0 268.0 78.0 268.0 
1 2 0.47 0.47 887.0 38.0 887.0 641.0 276.0 641.0 
1 3 0.88 0.88 887.0 38.0 887.0 641.0 276.0 641.0 528.0 218.0 528.0 
1 2 0.65 0.65 742.0 257.0 742.0 611.0 191.0 611.0 
1 3 0.9 0.9 742.0 257.0 742.0 611.0 191.0 611.0 353.0 87.0 353.0 
1 4 0.97 0.97 742.0 257.0 742.0 611.0 191.0 611.0 353.0 87.0 353.0 776.0 53.0 776.0 
1 2 0.63 0.63 371.0 218.0 371.0 938.0 48.0 938.0 
1 2 0.77 0.77 359.0 150.0 359.0 379.0 136.0 379.0 
1 2 0.99 0.99 858.0 704.0 858.0 954.0 166.0 954.0 
1 2 0.08 0.08 799.0 23.0 799.0 569.0 34.0 569.0 
1 3 0.49 0.49 799.0 23.0 799.0 569.0 34.0 569.0 740.0 299.0 740.0 
1 4 0.62 0.62 799.0 23.0 799.0 569.0 34.0 569.0 740.0 299.0 740.0 508.0 66.0 508.0 
1 5 0.68 0.68 799.0 23.0 799.0 569.0 34.0 569.0 740.0 299.0 740.0 508.0 66.0 508.0 982.0 61.0 982.0 
1 2 0.37 0.37 418.0 134.0 418.0 979.0 55.0 979.0 
1 3 0.51 0.51 418.0 134.0 418.0 979.0 55.0 979.0 193.0 26.0 193.0 
1 4 0.57 0.57 418.0 134.0 418.0 979.0 55.0 979.0 193.0 26.0 193.0 33.0 2.0 33.0 
1 5 0.88 0.88 418.0 134.0 418.0 979.0 55.0 979.0 193.0 26.0 193.0 33.0 2.0 33.0 326.0 103.0 326.0 
1 2 0.48 0.48 732.0 96.0 732.0 674.0 241.0 674.0 
1 3 0.63 0.63 732.0 96.0 732.0 674.0 241.0 674.0 658.0 98.0 658.0 
1 2 0.47 0.47 428.0 183.0 428.0 706.0 30.0 706.0 
1 2 0.36 0.36 927.0 96.0 927.0 693.0 178.0 693.0 
1 3 0.48 0.48 927.0 96.0 927.0 693.0 178.0 693.0 970.0 117.0 970.0 
1 4 0.62 0.62 927.0 96.0 927.0 693.0 178.0 693.0 970.0 117.0 970.0 204.0 30.0 204.0 
1 2 0.77 0.77 93.0 62.0 93.0 47.0 5.0 47.0 
1 2 0.77 0.77 467.0 66.0 467.0 484.0 308.0 484.0 
1 2 0.31 0.31 136.0 27.0 136.0 837.0 97.0 837.0 
1 3 0.33 0.33 136.0 27.0 136.0 837.0 97.0 837.0 847.0 20.0 847.0 
1 4 0.85 0.85 136.0 27.0 136.0 837.0 97.0 837.0 847.0 20.0 847.0 818.0 423.0 818.0 
1 2 0.96 0.96 418.0 303.0 418.0 132.0 32.0 132.0 
1 2 0.79 0.79 708.0 543.0 708.0 500.0 16.0 500.0 
1 2 0.61 0.61 119.0 47.0 119.0 768.0 172.0 768.0 
1 3 0.95 0.95 119.0 47.0 119.0 768.0 172.0 768.0 952.0 321.0 952.0 
1 2 0.63 0.63 835.0 248.0 835.0 202.0 68.0 202.0 
1 2 0.31 0.31 827.0 163.0 827.0 802.0 91.0 802.0 
1 3 0.46 0.46 827.0 163.0 827.0 802.0 91.0 802.0 510.0 77.0 510.0 
1 2 0.54 0.54 944.0 166.0 944.0 689.0 253.0 689.0 
1 3 0.71 0.71 944.0 166.0 944.0 689.0 253.0 689.0 162.0 28.0 162.0 
1 2 0.19 0.19 43.0 5.0 43.0 267.0 21.0 267.0 
1 3 0.26 0.26 43.0 5.0 43.0 267.0 21.0 267.0 552.0 36.0 552.0 
1 4 0.78 0.78 43.0 5.0 43.0 267.0 21.0 267.0 552.0 36.0 552.0 942.0 496.0 942.0 
1 5 0.8 0.8 43.0 5.0 43.0 267.0 21.0 267.0 552.0 36.0 552.0 942.0 496.0 942.0 412.0 8.0 412.0 
1 2 0.49 0.49 527.0 53.0 527.0 552.0 215.0 552.0 
1 3 0.5 0.5 527.0 53.0 527.0 552.0 215.0 552.0 76.0 1.0 76.0 
1 4 0.69 0.69 527.0 53.0 527.0 552.0 215.0 552.0 76.0 1.0 76.0 998.0 192.0 998.0 
1 2 0.53 0.53 252.0 43.0 252.0 677.0 247.0 677.0 
1 2 0.59 0.59 418.0 223.0 418.0 567.0 34.0 567.0 
1 2 0.66 0.66 513.0 98.0 513.0 670.0 316.0 670.0 
1 2 0.76 0.76 586.0 431.0 586.0 230.0 6.0 230.0 
1 2 0.71 0.71 342.0 7.0 342.0 202.0 141.0 202.0 
1 3 0.82 0.82 342.0 7.0 342.0 202.0 141.0 202.0 351.0 37.0 351.0 
1 4 0.84 0.84 342.0 7.0 342.0 202.0 141.0 202.0 351.0 37.0 351.0 467.0 12.0 467.0 
1 2 0.86 0.86 263.0 9.0 263.0 857.0 709.0 857.0 
1 2 0.71 0.71 992.0 49.0 992.0 837.0 559.0 837.0 
1 3 0.78 0.78 992.0 49.0 992.0 837.0 559.0 837.0 779.0 52.0 779.0 
1 2 0.97 0.97 872.0 550.0 872.0 714.0 247.0 714.0 
1 2 0.99 0.99 703.0 153.0 703.0 352.0 275.0 352.0 
1 2 0.73 0.73 571.0 11.0 571.0 198.0 142.0 198.0 
1 3 0.92 0.92 571.0 11.0 571.0 198.0 142.0 198.0 957.0 177.0 957.0 
1 2 0.95 0.95 503.0 186.0 503.0 651.0 380.0 651.0 
1 2 0.55 0.55 281.0 63.0 281.0 3.0 1.0 3.0 
1 3 0.82 0.82 281.0 63.0 281.0 3.0 1.0 3.0 895.0 238.0 895.0 
1 2 0.45 0.45 896.0 383.0 896.0 470.0 12.0 470.0 
1 2 0.56 0.56 704.0 257.0 704.0 841.0 168.0 841.0 
1 3 0.77 0.77 704.0 257.0 704.0 841.0 168.0 841.0 617.0 127.0 617.0 
1 2 0.78 0.78 901.0 350.0 901.0 156.0 62.0 156.0 
1 2 0.16 0.16 118.0 15.0 118.0 286.0 10.0 286.0 
1 3 0.3 0.3 118.0 15.0 118.0 286.0 10.0 286.0 359.0 50.0 359.0 
1 4 0.57 0.57 118.0 15.0 118.0 286.0 10.0 286.0 359.0 50.0 359.0 652.0 176.0 652.0 
1 2 0.73 0.73 703.0 449.0 703.0 40.0 4.0 40.0 
1 2 0.97 0.97 966.0 160.0 966.0 154.0 124.0 154.0 
1 2 0.43 0.43 449.0 83.0 449.0 408.0 103.0 408.0 
1 3 0.46 0.46 449.0 83.0 449.0 408.0 103.0 408.0 462.0 15.0 462.0 
1 4 0.98 0.98 449.0 83.0 449.0 408.0 103.0 408.0 462.0 15.0 462.0 982.0 507.0 982.0 
1 2 0.73 0.73 309.0 84.0 309.0 942.0 434.0 942.0 
1 3 0.79 0.79 309.0 84.0 309.0 942.0 434.0 942.0 936.0 62.0 936.0 
1 4 0.94 0.94 309.0 84.0 309.0 942.0 434.0 942.0 936.0 62.0 936.0 76.0 11.0 76.0 
1 2 0.09 0.09 639.0 27.0 639.0 908.0 45.0 908.0 
1 3 0.68 0.68 639.0 27.0 639.0 908.0 45.0 908.0 784.0 465.0 784.0 
1 2 0.45 0.45 745.0 229.0 745.0 935.0 141.0 935.0 
1 3 0.87 0.87 745.0 229.0 745.0 935.0 141.0 935.0 93.0 39.0 93.0 
1 2 0.99 0.99 359.0 232.0 359.0 234.0 81.0 234.0 
1 2 0.13 0.13 511.0 58.0 511.0 49.0 1.0 49.0 
1 3 0.94 0.94 511.0 58.0 511.0 49.0 1.0 49.0 303.0 245.0 303.0 
1 2 0.72 0.72 296.0 61.0 296.0 568.0 294.0 568.0 
1 2 0.99 0.99 637.0 283.0 637.0 909.0 498.0 909.0 
1 2 0.68 0.68 200.0 25.0 200.0 241.0 134.0 241.0 
1 2 0.46 0.46 868.0 379.0 868.0 457.0 13.0 457.0 
1 3 0.48 0.48 868.0 379.0 868.0 457.0 13.0 457.0 682.0 13.0 682.0 
1 4 0.75 0.75 868.0 379.0 868.0 457.0 13.0 457.0 682.0 13.0 682.0 137.0 37.0 137.0 
1 2 0.93 0.93 358.0 261.0 358.0 241.0 49.0 241.0 
1 2 0.52 0.52 36.0 16.0 36.0 601.0 48.0 601.0 
1 3 0.68 0.68 36.0 16.0 36.0 601.0 48.0 601.0 984.0 159.0 984.0 
1 4 0.91 0.91 36.0 16.0 36.0 601.0 48.0 601.0 984.0 159.0 984.0 614.0 142.0 614.0 
1 2 0.69 0.69 779.0 66.0 779.0 976.0 600.0 976.0 
1 2 0.53 0.53 49.0 20.0 49.0 976.0 122.0 976.0 
1 3 0.99 0.99 49.0 20.0 49.0 976.0 122.0 976.0 787.0 364.0 787.0 
1 2 0.62 0.62 61.0 33.0 61.0 148.0 13.0 148.0 
1 2 0.5 0.5 853.0 200.0 853.0 336.0 90.0 336.0 
1 2 0.51 0.51 416.0 30.0 416.0 260.0 115.0 260.0 
1 2 0.93 0.93 635.0 48.0 635.0 985.0 851.0 985.0 
1 2 0.69 0.69 534.0 103.0 534.0 6.0 3.0 6.0 
1 3 0.86 0.86 534.0 103.0 534.0 6.0 3.0 6.0 539.0 91.0 539.0 
1 2 0.68 0.68 757.0 483.0 757.0 85.0 4.0 85.0 
1 2 0.9 0.9 273.0 176.0 273.0 925.0 242.0 925.0 
1 2 0.15 0.15 889.0 80.0 889.0 439.0 28.0 439.0 
1 3 0.56 0.56 889.0 80.0 889.0 439.0 28.0 439.0 961.0 395.0 961.0 
1 4 0.6 0.6 889.0 80.0 889.0 439.0 28.0 439.0 961.0 395.0 961.0 298.0 13.0 298.0 
1 5 0.92 0.92 889.0 80.0 889.0 439.0 28.0 439.0 961.0 395.0 961.0 298.0 13.0 298.0 95.0 30.0 95.0 
1 2 0.13 0.13 287.0 20.0 287.0 632.0 40.0 632.0 
1 3 0.65 0.65 287.0 20.0 287.0 632.0 40.0 632.0 396.0 205.0 396.0 
1 4 0.67 0.67 287.0 20.0 287.0 632.0 40.0 632.0 396.0 205.0 396.0 900.0 20.0 900.0 
1 5 0.79 0.79 287.0 20.0 287.0 632.0 40.0 632.0 396.0 205.0 396.0 900.0 20.0 900.0 544.0 69.0 544.0 
1 2 0.59 0.59 509.0 180.0 509.0 215.0 51.0 215.0 
1 2 0.42 0.42 148.0 50.0 148.0 545.0 48.0 545.0 
1 3 0.82 0.82 148.0 50.0 148.0 545.0 48.0 545.0 714.0 286.0 714.0 
1 2 0.92 0.92 430.0 371.0 430.0 982.0 58.0 982.0 
1 2 0.46 0.46 845.0 250.0 845.0 977.0 162.0 977.0 
1 3 0.52 0.52 845.0 250.0 845.0 977.0 162.0 977.0 922.0 61.0 922.0 
1 2 0.7 0.7 371.0 174.0 371.0 99.0 23.0 99.0 
1 3 0.84 0.84 371.0 174.0 371.0 99.0 23.0 99.0 7.0 1.0 7.0 
1 2 0.54 0.54 248.0 38.0 248.0 546.0 213.0 546.0 
1 3 0.78 0.78 248.0 38.0 248.0 546.0 213.0 546.0 195.0 47.0 195.0 
1 2 0.84 0.84 272.0 170.0 272.0 688.0 154.0 688.0 
1 2 0.51 0.51 807.0 102.0 807.0 581.0 228.0 581.0 
1 3 0.77 0.77 807.0 102.0 807.0 581.0 228.0 581.0 344.0 88.0 344.0 
1 2 0.24 0.24 951.0 108.0 951.0 817.0 110.0 817.0 
1 3 0.33 0.33 951.0 108.0 951.0 817.0 110.0 817.0 720.0 60.0 720.0 
1 4 0.94 0.94 951.0 108.0 951.0 817.0 110.0 817.0 720.0 60.0 720.0 988.0 606.0 988.0 
1 2 0.89 0.89 38.0 10.0 38.0 554.0 352.0 554.0 
1 2 0.82 0.82 605.0 141.0 605.0 115.0 68.0 115.0 
1 2 0.79 0.79 746.0 165.0 746.0 725.0 415.0 725.0 
1 2 0.83 0.83 971.0 633.0 971.0 448.0 82.0 448.0 
1 2 0.38 0.38 419.0 92.0 419.0 909.0 147.0 909.0 
1 3 0.8 0.8 419.0 92.0 419.0 909.0 147.0 909.0 404.0 173.0 404.0 
1 2 0.93 0.93 201.0 167.0 201.0 301.0 32.0 301.0 
1 2 0.88 0.88 644.0 13.0 644.0 196.0 169.0 196.0 
1 2 0.94 0.94 886.0 390.0 886.0 561.0 283.0 561.0 
1 2 0.68 0.68 461.0 167.0 461.0 864.0 277.0 864.0 
1 3 0.86 0.86 461.0 167.0 461.0 864.0 277.0 864.0 315.0 58.0 315.0 
1 2 0.85 0.85 762.0 301.0 762.0 652.0 302.0 652.0 
1 2 0.52 0.52 906.0 170.0 906.0 608.0 204.0 608.0 
1 3 0.66 0.66 906.0 170.0 906.0 608.0 204.0 608.0 466.0 68.0 466.0 
1 2 0.76 0.76 154.0 105.0 154.0 114.0 10.0 114.0 
1 3 0.79 0.79 154.0 105.0 154.0 114.0 10.0 114.0 197.0 5.0 197.0 
1 2 0.8 0.8 101.0 3.0 101.0 103.0 80.0 103.0 
1 2 0.3 0.3 532.0 24.0 532.0 65.0 17.0 65.0 
1 3 0.79 0.79 532.0 24.0 532.0 65.0 17.0 65.0 116.0 57.0 116.0 
1 4 0.87 0.87 532.0 24.0 532.0 65.0 17.0 65.0 116.0 57.0 116.0 295.0 24.0 295.0 
1 2 0.44 0.44 129.0 11.0 129.0 349.0 126.0 349.0 
1 3 0.66 0.66 129.0 11.0 129.0 349.0 126.0 349.0 93.0 20.0 93.0 
1 2 0.93 0.93 873.0 467.0 873.0 260.0 104.0 260.0 
1 2 0.7 0.7 931.0 287.0 931.0 723.0 286.0 723.0 
1 3 0.75 0.75 931.0 287.0 931.0 723.0 286.0 723.0 167.0 8.0 167.0 
1 2 0.34 0.34 307.0 97.0 307.0 737.0 18.0 737.0 
1 3 0.35 0.35 307.0 97.0 307.0 737.0 18.0 737.0 232.0 3.0 232.0 
1 4 0.38 0.38 307.0 97.0 307.0 737.0 18.0 737.0 232.0 3.0 232.0 490.0 16.0 490.0 
1 2 0.75 0.75 458.0 54.0 458.0 295.0 187.0 295.0 
1 2 0.09 0.09 141.0 9.0 141.0 398.0 12.0 398.0 
1 3 0.19 0.19 141.0 9.0 141.0 398.0 12.0 398.0 505.0 51.0 505.0 
1 4 0.23 0.23 141.0 9.0 141.0 398.0 12.0 398.0 505.0 51.0 505.0 980.0 38.0 980.0 
1 5 0.27 0.27 141.0 9.0 141.0 398.0 12.0 398.0 505.0 51.0 505.0 980.0 38.0 980.0 79.0 3.0 79.0 
1 2 0.15 0.15 825.0 46.0 825.0 266.0 26.0 266.0 
1 3 0.67 0.67 825.0 46.0 825.0 266.0 26.0 266.0 361.0 188.0 361.0 
1 2 0.89 0.89 161.0 30.0 161.0 691.0 493.0 691.0 
1 2 0.33 0.33 276.0 53.0 276.0 7.0 1.0 7.0 
1 3 0.94 0.94 276.0 53.0 276.0 7.0 1.0 7.0 947.0 581.0 947.0 
1 2 0.62 0.62 716.0 46.0 716.0 534.0 302.0 534.0 
1 2 0.39 0.39 994.0 184.0 994.0 268.0 55.0 268.0 
1 2 0.19 0.19 658.0 102.0 658.0 267.0 11.0 267.0 
1 3 0.41 0.41 658.0 102.0 658.0 267.0 11.0 267.0 219.0 48.0 219.0 
1 2 0.96 0.96 194.0 181.0 194.0 529.0 15.0 529.0 
1 2 0.91 0.91 306.0 42.0 306.0 790.0 611.0 790.0 
1 2 0.54 0.54 418.0 7.0 418.0 549.0 292.0 549.0 
1 2 0.7 0.7 580.0 322.0 580.0 814.0 123.0 814.0 
1 3 0.72 0.72 580.0 322.0 580.0 814.0 123.0 814.0 95.0 2.0 95.0 
1 4 0.74 0.74 580.0 322.0 580.0 814.0 123.0 814.0 95.0 2.0 95.0 50.0 1.0 50.0 
1 2 0.61 0.61 863.0 431.0 863.0 360.0 43.0 360.0 
1 3 0.67 0.67 863.0 431.0 863.0 360.0 43.0 360.0 637.0 33.0 637.0 
1 2 0.89 0.89 731.0 158.0 731.0 850.0 575.0 850.0 
1 2 0.16 0.16 99.0 7.0 99.0 113.0 11.0 113.0 
1 3 0.52 0.52 99.0 7.0 99.0 113.0 11.0 113.0 677.0 243.0 677.0 
1 2 0.46 0.46 533.0 82.0 533.0 159.0 49.0 159.0 
1 3 0.88 0.88 533.0 82.0 533.0 159.0 49.0 159.0 525.0 220.0 525.0 
1 2 0.19 0.19 187.0 3.0 187.0 820.0 147.0 820.0 
1 2 0.93 0.93 900.0 768.0 900.0 396.0 33.0 396.0 
1 2 0.97 0.97 703.0 116.0 703.0 543.0 442.0 543.0 
1 2 0.93 0.93 93.0 32.0 93.0 514.0 305.0 514.0 
1 2 0.15 0.15 680.0 83.0 680.0 329.0 11.0 329.0 
1 3 0.4 0.4 680.0 83.0 680.0 329.0 11.0 329.0 983.0 242.0 983.0 
1 4 0.84 0.84 680.0 83.0 680.0 329.0 11.0 329.0 983.0 242.0 983.0 504.0 221.0 504.0 
1 2 0.61 0.61 626.0 191.0 626.0 941.0 295.0 941.0 
1 2 0.38 0.38 339.0 86.0 339.0 319.0 43.0 319.0 
1 3 0.45 0.45 339.0 86.0 339.0 319.0 43.0 319.0 458.0 29.0 458.0 
1 4 0.77 0.77 339.0 86.0 339.0 319.0 43.0 319.0 458.0 29.0 458.0 910.0 293.0 910.0 
1 2 0.54 0.54 612.0 150.0 612.0 694.0 207.0 694.0 
1 3 0.54 0.54 612.0 150.0 612.0 694.0 207.0 694.0 517.0 3.0 517.0 
1 4 0.86 0.86 612.0 150.0 612.0 694.0 207.0 694.0 517.0 3.0 517.0 547.0 172.0 547.0 
1 2 0.75 0.75 791.0 85.0 791.0 949.0 618.0 949.0 
1 3 0.88 0.88 791.0 85.0 791.0 949.0 618.0 949.0 55.0 7.0 55.0 
1 2 0.95 0.95 971.0 341.0 971.0 383.0 230.0 383.0 
1 2 0.49 0.49 503.0 159.0 503.0 273.0 49.0 273.0 
1 2 0.5 0.5 118.0 21.0 118.0 775.0 254.0 775.0 
1 3 0.63 0.63 118.0 21.0 118.0 775.0 254.0 775.0 537.0 69.0 537.0 
1 2 0.61 0.61 779.0 127.0 779.0 609.0 278.0 609.0 
1 3 0.83 0.83 779.0 127.0 779.0 609.0 278.0 609.0 255.0 55.0 255.0 
1 4 0.87 0.87 779.0 127.0 779.0 609.0 278.0 609.0 255.0 55.0 255.0 115.0 5.0 115.0 
1 2 0.88 0.88 539.0 17.0 539.0 66.0 56.0 66.0 
1 3 0.95 0.95 539.0 17.0 539.0 66.0 56.0 66.0 368.0 27.0 368.0 
1 2 0.08 0.08 192.0 14.0 192.0 553.0 4.0 553.0 
1 3 0.24 0.24 192.0 14.0 192.0 553.0 4.0 553.0 755.0 122.0 755.0 
1 4 0.31 0.31 192.0 14.0 192.0 553.0 4.0 553.0 755.0 122.0 755.0 305.0 21.0 305.0 
1 5 0.56 0.56 192.0 14.0 192.0 553.0 4.0 553.0 755.0 122.0 755.0 305.0 21.0 305.0 862.0 222.0 862.0 
1 6 0.86 0.86 192.0 14.0 192.0 553.0 4.0 553.0 755.0 122.0 755.0 305.0 21.0 305.0 862.0 222.0 862.0 680.0 204.0 680.0 
1 2 0.52 0.52 105.0 1.0 105.0 660.0 338.0 660.0 
1 2 0.49 0.49 769.0 48.0 769.0 896.0 388.0 896.0 
1 2 0.7 0.7 832.0 101.0 832.0 413.0 243.0 413.0 
1 3 0.9 0.9 832.0 101.0 832.0 413.0 243.0 413.0 488.0 95.0 488.0 
1 2 0.52 0.52 761.0 139.0 761.0 519.0 178.0 519.0 
1 2 0.28 0.28 116.0 11.0 116.0 880.0 167.0 880.0 
1 2 0.65 0.65 717.0 462.0 717.0 808.0 12.0 808.0 
1 3 0.87 0.87 717.0 462.0 717.0 808.0 12.0 808.0 280.0 60.0 280.0 
1 2 0.92 0.92 323.0 2.0 323.0 897.0 824.0 897.0 
1 2 0.9 0.9 229.0 152.0 229.0 99.0 24.0 99.0 
1 2 0.54 0.54 736.0 368.0 736.0 215.0 9.0 215.0 
1 3 0.73 0.73 736.0 368.0 736.0 215.0 9.0 215.0 536.0 103.0 536.0 
1 2 0.8 0.8 753.0 537.0 753.0 609.0 56.0 609.0 
1 3 0.85 0.85 753.0 537.0 753.0 609.0 56.0 609.0 558.0 29.0 558.0 
1 2 0.45 0.45 814.0 29.0 814.0 898.0 380.0 898.0 
1 2 0.69 0.69 572.0 351.0 572.0 86.0 7.0 86.0 
1 2 0.51 0.51 789.0 142.0 789.0 741.0 251.0 741.0 
1 2 0.68 0.68 926.0 20.0 926.0 864.0 575.0 864.0 
1 3 0.82 0.82 926.0 20.0 926.0 864.0 575.0 864.0 906.0 124.0 906.0 
1 2 0.67 0.67 838.0 358.0 838.0 297.0 73.0 297.0 
1 2 0.75 0.75 113.0 4.0 113.0 582.0 420.0 582.0 
1 2 0.5 0.5 407.0 25.0 407.0 723.0 322.0 723.0 
1 3 0.92 0.92 407.0 25.0 407.0 723.0 322.0 723.0 200.0 84.0 200.0 
1 2 0.47 0.47 647.0 57.0 647.0 725.0 282.0 725.0 
1 2 0.98 0.98 667.0 321.0 667.0 422.0 212.0 422.0 
1 2 0.88 0.88 97.0 64.0 97.0 106.0 24.0 106.0 
1 2 0.96 0.96 948.0 619.0 948.0 391.0 122.0 391.0 
1 2 0.7 0.7 628.0 163.0 628.0 140.0 62.0 140.0 
1 3 0.71 0.71 628.0 163.0 628.0 140.0 62.0 140.0 324.0 3.0 324.0 
1 2 0.52 0.52 916.0 156.0 916.0 803.0 282.0 803.0 
1 3 0.65 0.65 916.0 156.0 916.0 803.0 282.0 803.0 38.0 5.0 38.0 
1 4 0.98 0.98 916.0 156.0 916.0 803.0 282.0 803.0 38.0 5.0 38.0 359.0 120.0 359.0 
1 2 0.15 0.15 559.0 22.0 559.0 725.0 85.0 725.0 
1 3 0.64 0.64 559.0 22.0 559.0 725.0 85.0 725.0 153.0 75.0 153.0 
1 4 0.74 0.74 559.0 22.0 559.0 725.0 85.0 725.0 153.0 75.0 153.0 99.0 10.0 99.0 
1 2 0.3 0.3 490.0 54.0 490.0 473.0 93.0 473.0 
1 3 0.4 0.4 490.0 54.0 490.0 473.0 93.0 473.0 296.0 30.0 296.0 
1 4 0.47 0.47 490.0 54.0 490.0 473.0 93.0 473.0 296.0 30.0 296.0 676.0 43.0 676.0 
1 2 0.73 0.73 233.0 52.0 233.0 783.0 399.0 783.0 
1 3 0.84 0.84 233.0 52.0 233.0 783.0 399.0 783.0 862.0 101.0 862.0 
1 4 0.87 0.87 233.0 52.0 233.0 783.0 399.0 783.0 862.0 101.0 862.0 388.0 9.0 388.0 
1 2 0.14 0.14 312.0 11.0 312.0 802.0 92.0 802.0 
1 3 0.32 0.32 312.0 11.0 312.0 802.0 92.0 802.0 428.0 76.0 428.0 
1 4 0.51 0.51 312.0 11.0 312.0 802.0 92.0 802.0 428.0 76.0 428.0 503.0 92.0 503.0 
1 5 0.58 0.58 312.0 11.0 312.0 802.0 92.0 802.0 428.0 76.0 428.0 503.0 92.0 503.0 278.0 22.0 278.0 
1 2 0.86 0.86 927.0 488.0 927.0 809.0 277.0 809.0 
1 2 0.36 0.36 791.0 124.0 791.0 435.0 91.0 435.0 
1 3 0.48 0.48 791.0 124.0 791.0 435.0 91.0 435.0 260.0 30.0 260.0 
1 4 0.54 0.54 791.0 124.0 791.0 435.0 91.0 435.0 260.0 30.0 260.0 660.0 45.0 660.0 
1 5 0.9 0.9 791.0 124.0 791.0 435.0 91.0 435.0 260.0 30.0 260.0 660.0 45.0 660.0 45.0 16.0 45.0 
1 2 0.18 0.18 240.0 18.0 240.0 793.0 90.0 793.0 
1 3 0.23 0.23 240.0 18.0 240.0 793.0 90.0 793.0 503.0 22.0 503.0 
1 4 0.97 0.97 240.0 18.0 240.0 793.0 90.0 793.0 503.0 22.0 503.0 168.0 124.0 168.0 
1 2 0.45 0.45 730.0 40.0 730.0 791.0 317.0 791.0 
1 3 0.56 0.56 730.0 40.0 730.0 791.0 317.0 791.0 621.0 66.0 621.0 
1 2 0.51 0.51 128.0 44.0 128.0 777.0 130.0 777.0 
1 3 0.55 0.55 128.0 44.0 128.0 777.0 130.0 777.0 105.0 5.0 105.0 
1 4 0.79 0.79 128.0 44.0 128.0 777.0 130.0 777.0 105.0 5.0 105.0 658.0 158.0 658.0 
1 2 0.78 0.78 450.0 161.0 450.0 887.0 383.0 887.0 
1 2 0.61 0.61 613.0 350.0 613.0 706.0 33.0 706.0 
1 2 0.82 0.82 454.0 236.0 454.0 26.0 8.0 26.0 
1 2 0.65 0.65 86.0 41.0 86.0 409.0 74.0 409.0 
1 3 0.81 0.81 86.0 41.0 86.0 409.0 74.0 409.0 530.0 85.0 530.0 
1 4 0.86 0.86 86.0 41.0 86.0 409.0 74.0 409.0 530.0 85.0 530.0 532.0 26.0 532.0 
1 2 0.09 0.09 97.0 2.0 97.0 773.0 59.0 773.0 
1 3 0.76 0.76 97.0 2.0 97.0 773.0 59.0 773.0 12.0 8.0 12.0 
1 2 0.41 0.41 178.0 56.0 178.0 760.0 77.0 760.0 
1 3 0.42 0.42 178.0 56.0 178.0 760.0 77.0 760.0 414.0 3.0 414.0 
1 4 0.66 0.66 178.0 56.0 178.0 760.0 77.0 760.0 414.0 3.0 414.0 353.0 86.0 353.0 
1 2 0.51 0.51 25.0 12.0 25.0 174.0 6.0 174.0 
1 3 0.72 0.72 25.0 12.0 25.0 174.0 6.0 174.0 314.0 67.0 314.0 
1 2 0.94 0.94 951.0 406.0 951.0 518.0 269.0 518.0 
1 2 0.88 0.88 722.0 154.0 722.0 98.0 66.0 98.0 
1 3 0.94 0.94 722.0 154.0 722.0 98.0 66.0 98.0 889.0 51.0 889.0 
1 2 0.87 0.87 924.0 753.0 924.0 702.0 43.0 702.0 
1 2 0.05 0.05 376.0 7.0 376.0 60.0 2.0 60.0 
1 3 0.71 0.71 376.0 7.0 376.0 60.0 2.0 60.0 643.0 428.0 643.0 
1 4 0.72 0.72 376.0 7.0 376.0 60.0 2.0 60.0 643.0 428.0 643.0 741.0 7.0 741.0 
1 2 0.43 0.43 971.0 169.0 971.0 917.0 237.0 917.0 
1 3 0.95 0.95 971.0 169.0 971.0 917.0 237.0 917.0 850.0 447.0 850.0 
1 2 0.43 0.43 571.0 134.0 571.0 251.0 50.0 251.0 
1 3 0.74 0.74 571.0 134.0 571.0 251.0 50.0 251.0 872.0 269.0 872.0 
1 2 0.44 0.44 806.0 333.0 806.0 318.0 9.0 318.0 
1 3 0.8 0.8 806.0 333.0 806.0 318.0 9.0 318.0 175.0 64.0 175.0 
1 4 0.96 0.96 806.0 333.0 806.0 318.0 9.0 318.0 175.0 64.0 175.0 418.0 68.0 418.0 
1 2 0.61 0.61 88.0 15.0 88.0 605.0 266.0 605.0 
1 3 0.61 0.61 88.0 15.0 88.0 605.0 266.0 605.0 704.0 2.0 704.0 
1 4 0.85 0.85 88.0 15.0 88.0 605.0 266.0 605.0 704.0 2.0 704.0 755.0 180.0 755.0 
1 2 0.23 0.23 161.0 14.0 161.0 251.0 36.0 251.0 
1 3 0.88 0.88 161.0 14.0 161.0 251.0 36.0 251.0 239.0 157.0 239.0 
1 2 0.82 0.82 800.0 408.0 800.0 919.0 289.0 919.0 
1 3 0.9 0.9 800.0 408.0 800.0 919.0 289.0 919.0 898.0 74.0 898.0 
1 2 0.54 0.54 510.0 51.0 510.0 484.0 214.0 484.0 
1 2 0.45 0.45 191.0 72.0 191.0 806.0 59.0 806.0 
1 3 0.9 0.9 191.0 72.0 191.0 806.0 59.0 806.0 100.0 45.0 100.0 
1 2 0.74 0.74 571.0 325.0 571.0 326.0 57.0 326.0 
1 2 0.82 0.82 63.0 31.0 63.0 859.0 288.0 859.0 
1 2 0.44 0.44 508.0 87.0 508.0 877.0 243.0 877.0 
1 2 0.19 0.19 462.0 70.0 462.0 777.0 36.0 777.0 
1 3 0.7 0.7 462.0 70.0 462.0 777.0 36.0 777.0 129.0 65.0 129.0 
1 4 0.84 0.84 462.0 70.0 462.0 777.0 36.0 777.0 129.0 65.0 129.0 860.0 127.0 860.0 
1 2 0.19 0.19 146.0 20.0 146.0 86.0 5.0 86.0 
1 3 0.34 0.34 146.0 20.0 146.0 86.0 5.0 86.0 910.0 139.0 910.0 
1 4 0.95 0.95 146.0 20.0 146.0 86.0 5.0 86.0 910.0 139.0 910.0 464.0 283.0 464.0 
1 2 0.5 0.5 46.0 15.0 46.0 28.0 5.0 28.0 
1 3 0.98 0.98 46.0 15.0 46.0 28.0 5.0 28.0 291.0 139.0 291.0 
1 2 0.56 0.56 620.0 47.0 620.0 389.0 189.0 389.0 
1 3 0.75 0.75 620.0 47.0 620.0 389.0 189.0 389.0 446.0 87.0 446.0 
1 2 0.91 0.91 671.0 593.0 671.0 503.0 14.0 503.0 
1 2 0.18 0.18 18.0 2.0 18.0 962.0 70.0 962.0 
1 3 0.51 0.51 18.0 2.0 18.0 962.0 70.0 962.0 227.0 76.0 227.0 
1 4 0.88 0.88 18.0 2.0 18.0 962.0 70.0 962.0 227.0 76.0 227.0 188.0 69.0 188.0 
1 2 0.89 0.89 807.0 348.0 807.0 268.0 123.0 268.0 
1 2 0.6 0.6 595.0 124.0 595.0 759.0 300.0 759.0 
1 3 0.97 0.97 595.0 124.0 595.0 759.0 300.0 759.0 140.0 52.0 140.0 
1 2 0.93 0.93 922.0 568.0 922.0 731.0 232.0 731.0 
1 2 0.3 0.3 604.0 66.0 604.0 892.0 174.0 892.0 
1 3 0.39 0.39 604.0 66.0 604.0 892.0 174.0 892.0 327.0 29.0 327.0 
1 4 0.65 0.65 604.0 66.0 604.0 892.0 174.0 892.0 327.0 29.0 327.0 729.0 190.0 729.0 
1 5 0.66 0.66 604.0 66.0 604.0 892.0 174.0 892.0 327.0 29.0 327.0 729.0 190.0 729.0 892.0 6.0 892.0 
1 6 0.67 0.67 604.0 66.0 604.0 892.0 174.0 892.0 327.0 29.0 327.0 729.0 190.0 729.0 892.0 6.0 892.0 205.0 2.0 205.0 
1 2 0.88 0.88 450.0 226.0 450.0 849.0 325.0 849.0 
1 2 0.66 0.66 162.0 55.0 162.0 530.0 173.0 530.0 
1 2 0.71 0.71 492.0 159.0 492.0 502.0 197.0 502.0 
1 2 0.7 0.7 837.0 305.0 837.0 855.0 293.0 855.0 
1 3 0.74 0.74 837.0 305.0 837.0 855.0 293.0 855.0 616.0 23.0 616.0 
1 2 0.48 0.48 828.0 66.0 828.0 125.0 51.0 125.0 
1 3 0.58 0.58 828.0 66.0 828.0 125.0 51.0 125.0 883.0 86.0 883.0 
1 2 0.64 0.64 592.0 234.0 592.0 875.0 215.0 875.0 
1 3 0.86 0.86 592.0 234.0 592.0 875.0 215.0 875.0 473.0 108.0 473.0 
1 4 0.9 0.9 592.0 234.0 592.0 875.0 215.0 875.0 473.0 108.0 473.0 824.0 30.0 824.0 
1 2 0.21 0.21 220.0 18.0 220.0 389.0 53.0 389.0 
1 3 0.21 0.21 220.0 18.0 220.0 389.0 53.0 389.0 728.0 1.0 728.0 
1 4 0.98 0.98 220.0 18.0 220.0 389.0 53.0 389.0 728.0 1.0 728.0 278.0 212.0 278.0 
1 2 0.35 0.35 149.0 32.0 149.0 462.0 63.0 462.0 
1 2 0.19 0.19 332.0 42.0 332.0 783.0 52.0 783.0 
1 3 0.75 0.75 332.0 42.0 332.0 783.0 52.0 783.0 698.0 394.0 698.0 
1 2 0.43 0.43 169.0 39.0 169.0 984.0 200.0 984.0 
1 3 0.66 0.66 169.0 39.0 169.0 984.0 200.0 984.0 268.0 63.0 268.0 
1 2 0.96 0.96 531.0 397.0 531.0 799.0 176.0 799.0 
1 2 0.91 0.91 24.0 10.0 24.0 571.0 283.0 571.0 
1 2 0.77 0.77 49.0 26.0 49.0 515.0 126.0 515.0 
1 2 0.62 0.62 19.0 3.0 19.0 115.0 54.0 115.0 
1 2 0.95 0.95 398.0 83.0 398.0 981.0 731.0 981.0 
1 2 0.84 0.84 406.0 60.0 406.0 30.0 21.0 30.0 
1 3 0.97 0.97 406.0 60.0 406.0 30.0 21.0 30.0 852.0 111.0 852.0 
1 2 0.26 0.26 559.0 104.0 559.0 270.0 22.0 270.0 
1 3 0.49 0.49 559.0 104.0 559.0 270.0 22.0 270.0 507.0 115.0 507.0 
1 4 0.88 0.88 559.0 104.0 559.0 270.0 22.0 270.0 507.0 115.0 507.0 692.0 271.0 692.0 
1 2 0.56 0.56 340.0 176.0 340.0 881.0 38.0 881.0 
1 3 0.61 0.61 340.0 176.0 340.0 881.0 38.0 881.0 248.0 14.0 248.0 
1 2 0.5 0.5 984.0 69.0 984.0 78.0 34.0 78.0 
1 2 0.64 0.64 645.0 329.0 645.0 875.0 119.0 875.0 
1 3 0.68 0.68 645.0 329.0 645.0 875.0 119.0 875.0 527.0 19.0 527.0 
1 4 0.85 0.85 645.0 329.0 645.0 875.0 119.0 875.0 527.0 19.0 527.0 248.0 42.0 248.0 
1 2 0.9 0.9 327.0 8.0 327.0 620.0 549.0 620.0 
1 3 0.94 0.94 327.0 8.0 327.0 620.0 549.0 620.0 744.0 29.0 744.0 
1 2 0.07 0.07 122.0 5.0 122.0 539.0 16.0 539.0 
1 3 0.18 0.18 122.0 5.0 122.0 539.0 16.0 539.0 839.0 95.0 839.0 
1 4 0.55 0.55 122.0 5.0 122.0 539.0 16.0 539.0 839.0 95.0 839.0 934.0 351.0 934.0 
1 2 0.94 0.94 119.0 92.0 119.0 53.0 9.0 53.0 
1 2 0.36 0.36 49.0 14.0 49.0 858.0 71.0 858.0 
1 3 0.76 0.76 49.0 14.0 49.0 858.0 71.0 858.0 917.0 362.0 917.0 
1 2 0.2 0.2 24.0 4.0 24.0 161.0 6.0 161.0 
1 3 0.23 0.23 24.0 4.0 24.0 161.0 6.0 161.0 570.0 19.0 570.0 
1 4 0.33 0.33 24.0 4.0 24.0 161.0 6.0 161.0 570.0 19.0 570.0 623.0 64.0 623.0 
1 5 0.39 0.39 24.0 4.0 24.0 161.0 6.0 161.0 570.0 19.0 570.0 623.0 64.0 623.0 395.0 23.0 395.0 
1 6 0.64 0.64 24.0 4.0 24.0 161.0 6.0 161.0 570.0 19.0 570.0 623.0 64.0 623.0 395.0 23.0 395.0 170.0 42.0 170.0 
1 2 0.43 0.43 289.0 80.0 289.0 849.0 134.0 849.0 
1 3 0.57 0.57 289.0 80.0 289.0 849.0 134.0 849.0 743.0 105.0 743.0 
1 2 0.11 0.11 92.0 7.0 92.0 306.0 12.0 306.0 
1 3 0.49 0.49 92.0 7.0 92.0 306.0 12.0 306.0 340.0 128.0 340.0 
1 4 0.6 0.6 92.0 7.0 92.0 306.0 12.0 306.0 340.0 128.0 340.0 926.0 109.0 926.0 
1 5 0.82 0.82 92.0 7.0 92.0 306.0 12.0 306.0 340.0 128.0 340.0 926.0 109.0 926.0 33.0 7.0 33.0 
1 2 0.73 0.73 348.0 138.0 348.0 112.0 38.0 112.0 
1 3 0.92 0.92 348.0 138.0 348.0 112.0 38.0 112.0 917.0 173.0 917.0 
1 2 0.99 0.99 767.0 610.0 767.0 728.0 149.0 728.0 
1 2 0.91 0.91 198.0 146.0 198.0 857.0 154.0 857.0 
1 2 0.82 0.82 203.0 72.0 203.0 74.0 35.0 74.0 
1 3 0.9 0.9 203.0 72.0 203.0 74.0 35.0 74.0 575.0 47.0 575.0 
1 2 0.98 0.98 456.0 406.0 456.0 131.0 13.0 131.0 
1 2 0.52 0.52 808.0 20.0 808.0 413.0 208.0 413.0 
1 3 0.95 0.95 808.0 20.0 808.0 413.0 208.0 413.0 66.0 28.0 66.0 
1 2 0.63 0.63 81.0 44.0 81.0 867.0 81.0 867.0 
1 2 0.93 0.93 534.0 219.0 534.0 958.0 506.0 958.0 
1 2 0.32 0.32 776.0 71.0 776.0 106.0 25.0 106.0 
1 3 0.9 0.9 776.0 71.0 776.0 106.0 25.0 106.0 993.0 574.0 993.0 
1 2 0.48 0.48 379.0 139.0 379.0 65.0 8.0 65.0 
1 3 0.82 0.82 379.0 139.0 379.0 65.0 8.0 65.0 298.0 101.0 298.0 
1 2 0.63 0.63 69.0 35.0 69.0 527.0 65.0 527.0 
1 3 0.81 0.81 69.0 35.0 69.0 527.0 65.0 527.0 333.0 60.0 333.0 
1 4 0.95 0.95 69.0 35.0 69.0 527.0 65.0 527.0 333.0 60.0 333.0 404.0 58.0 404.0 
1 2 0.86 0.86 802.0 23.0 802.0 413.0 347.0 413.0 
1 2 0.67 0.67 304.0 167.0 304.0 584.0 73.0 584.0 
1 3 0.67 0.67 304.0 167.0 304.0 584.0 73.0 584.0 865.0 3.0 865.0 
1 4 0.91 0.91 304.0 167.0 304.0 584.0 73.0 584.0 865.0 3.0 865.0 717.0 168.0 717.0 
1 2 0.97 0.97 993.0 515.0 993.0 799.0 364.0 799.0 
1 2 0.75 0.75 256.0 80.0 256.0 293.0 129.0 293.0 
1 2 0.29 0.29 609.0 63.0 609.0 684.0 129.0 684.0 
1 2 0.15 0.15 308.0 36.0 308.0 230.0 8.0 230.0 
1 3 0.22 0.22 308.0 36.0 308.0 230.0 8.0 230.0 518.0 38.0 518.0 
1 2 0.27 0.27 455.0 26.0 455.0 497.0 107.0 497.0 
1 2 0.49 0.49 632.0 219.0 632.0 544.0 80.0 544.0 
1 3 0.89 0.89 632.0 219.0 632.0 544.0 80.0 544.0 296.0 120.0 296.0 
1 2 0.46 0.46 66.0 7.0 66.0 14.0 5.0 14.0 
1 2 0.94 0.94 993.0 168.0 993.0 424.0 328.0 424.0 
1 2 0.47 0.47 185.0 57.0 185.0 601.0 100.0 601.0 
1 3 0.96 0.96 185.0 57.0 185.0 601.0 100.0 601.0 124.0 61.0 124.0 
1 2 0.46 0.46 804.0 61.0 804.0 312.0 122.0 312.0 
1 3 0.52 0.52 804.0 61.0 804.0 312.0 122.0 312.0 866.0 50.0 866.0 
1 2 0.28 0.28 851.0 111.0 851.0 778.0 124.0 778.0 
1 2 0.72 0.72 24.0 13.0 24.0 16.0 3.0 16.0 
1 2 0.99 0.99 654.0 449.0 654.0 36.0 11.0 36.0 
1 2 0.79 0.79 221.0 133.0 221.0 767.0 152.0 767.0 
1 2 0.57 0.57 648.0 167.0 648.0 425.0 136.0 425.0 
1 2 0.59 0.59 212.0 8.0 212.0 902.0 505.0 902.0 
1 3 0.81 0.81 212.0 8.0 212.0 902.0 505.0 902.0 555.0 120.0 555.0 
1 4 0.89 0.89 212.0 8.0 212.0 902.0 505.0 902.0 555.0 120.0 555.0 702.0 58.0 702.0 
1 2 0.52 0.52 522.0 221.0 522.0 57.0 6.0 57.0 
1 2 0.91 0.91 418.0 9.0 418.0 572.0 510.0 572.0 
1 2 0.52 0.52 323.0 88.0 323.0 889.0 228.0 889.0 
1 3 0.71 0.71 323.0 88.0 323.0 889.0 228.0 889.0 909.0 167.0 909.0 
1 2 0.64 0.64 539.0 207.0 539.0 483.0 126.0 483.0 
1 3 0.71 0.71 539.0 207.0 539.0 483.0 126.0 483.0 792.0 55.0 792.0 
1 4 0.72 0.72 539.0 207.0 539.0 483.0 126.0 483.0 792.0 55.0 792.0 99.0 1.0 99.0 
1 2 0.29 0.29 957.0 230.0 957.0 352.0 19.0 352.0 
1 3 0.46 0.46 957.0 230.0 957.0 352.0 19.0 352.0 52.0 9.0 52.0 
1 4 0.47 0.47 957.0 230.0 957.0 352.0 19.0 352.0 52.0 9.0 52.0 956.0 6.0 956.0 
1 5 0.53 0.53 957.0 230.0 957.0 352.0 19.0 352.0 52.0 9.0 52.0 956.0 6.0 956.0 257.0 17.0 257.0 
1 6 0.59 0.59 957.0 230.0 957.0 352.0 19.0 352.0 52.0 9.0 52.0 956.0 6.0 956.0 257.0 17.0 257.0 678.0 35.0 678.0 
1 7 0.98 0.98 957.0 230.0 957.0 352.0 19.0 352.0 52.0 9.0 52.0 956.0 6.0 956.0 257.0 17.0 257.0 678.0 35.0 678.0 642.0 253.0 642.0 
1 2 0.95 0.95 353.0 108.0 353.0 136.0 88.0 136.0 
1 2 0.56 0.56 817.0 214.0 817.0 766.0 231.0 766.0 
1 2 0.6 0.6 33.0 3.0 33.0 520.0 268.0 520.0 
1 2 0.76 0.76 341.0 197.0 341.0 290.0 53.0 290.0 
1 3 0.95 0.95 341.0 197.0 341.0 290.0 53.0 290.0 106.0 21.0 106.0 
1 2 0.85 0.85 404.0 129.0 404.0 290.0 154.0 290.0 
1 2 0.25 0.25 537.0 101.0 537.0 745.0 51.0 745.0 
1 3 0.34 0.34 537.0 101.0 537.0 745.0 51.0 745.0 642.0 58.0 642.0 
1 2 0.68 0.68 274.0 56.0 274.0 768.0 367.0 768.0 
1 3 0.96 0.96 274.0 56.0 274.0 768.0 367.0 768.0 14.0 4.0 14.0 
1 2 0.26 0.26 622.0 42.0 622.0 426.0 86.0 426.0 
1 3 0.47 0.47 622.0 42.0 622.0 426.0 86.0 426.0 889.0 182.0 889.0 
1 2 0.73 0.73 261.0 90.0 261.0 517.0 203.0 517.0 
1 2 0.47 0.47 770.0 349.0 770.0 565.0 15.0 565.0 
1 2 0.96 0.96 908.0 63.0 908.0 86.0 77.0 86.0 
1 2 0.86 0.86 350.0 7.0 350.0 522.0 442.0 522.0 
1 2 0.14 0.14 257.0 30.0 257.0 428.0 13.0 428.0 
1 3 0.34 0.34 257.0 30.0 257.0 428.0 13.0 428.0 791.0 155.0 791.0 
1 4 0.56 0.56 257.0 30.0 257.0 428.0 13.0 428.0 791.0 155.0 791.0 271.0 60.0 271.0 
1 5 0.97 0.97 257.0 30.0 257.0 428.0 13.0 428.0 791.0 155.0 791.0 271.0 60.0 271.0 993.0 407.0 993.0 
1 2 0.63 0.63 794.0 11.0 794.0 589.0 363.0 589.0 
1 2 0.39 0.39 821.0 263.0 821.0 577.0 42.0 577.0 
1 3 0.9 0.9 821.0 263.0 821.0 577.0 42.0 577.0 443.0 226.0 443.0 
1 2 0.9 0.9 580.0 53.0 580.0 22.0 18.0 22.0 
1 2 0.75 0.75 160.0 113.0 160.0 890.0 44.0 890.0 
1 2 0.81 0.81 288.0 218.0 288.0 152.0 9.0 152.0 
1 2 0.64 0.64 632.0 261.0 632.0 545.0 125.0 545.0 
1 2 0.44 0.44 399.0 105.0 399.0 363.0 66.0 363.0 
1 2 0.06 0.06 881.0 10.0 881.0 133.0 7.0 133.0 
1 3 0.33 0.33 881.0 10.0 881.0 133.0 7.0 133.0 674.0 180.0 674.0 
1 4 0.84 0.84 881.0 10.0 881.0 133.0 7.0 133.0 674.0 180.0 674.0 737.0 378.0 737.0 
1 2 0.24 0.24 983.0 84.0 983.0 928.0 145.0 928.0 
1 3 0.28 0.28 983.0 84.0 983.0 928.0 145.0 928.0 707.0 33.0 707.0 
1 4 0.29 0.29 983.0 84.0 983.0 928.0 145.0 928.0 707.0 33.0 707.0 295.0 3.0 295.0 
1 5 0.66 0.66 983.0 84.0 983.0 928.0 145.0 928.0 707.0 33.0 707.0 295.0 3.0 295.0 832.0 302.0 832.0 
1 6 0.91 0.91 983.0 84.0 983.0 928.0 145.0 928.0 707.0 33.0 707.0 295.0 3.0 295.0 832.0 302.0 832.0 403.0 103.0 403.0 
1 2 0.9 0.9 591.0 38.0 591.0 888.0 747.0 888.0 
1 2 0.5 0.5 393.0 26.0 393.0 731.0 319.0 731.0 
1 3 0.85 0.85 393.0 26.0 393.0 731.0 319.0 731.0 904.0 322.0 904.0 
1 2 0.75 0.75 239.0 30.0 239.0 102.0 64.0 102.0 
1 2 0.63 0.63 786.0 401.0 786.0 810.0 105.0 810.0 
1 3 0.99 0.99 786.0 401.0 786.0 810.0 105.0 810.0 504.0 178.0 504.0 
1 2 0.71 0.71 786.0 382.0 786.0 120.0 28.0 120.0 
1 3 0.72 0.72 786.0 382.0 786.0 120.0 28.0 120.0 882.0 9.0 882.0 
1 2 0.98 0.98 776.0 722.0 776.0 306.0 18.0 306.0 
1 2 0.49 0.49 881.0 401.0 881.0 237.0 9.0 237.0 
1 3 0.8 0.8 881.0 401.0 881.0 237.0 9.0 237.0 225.0 71.0 225.0 
1 2 0.54 0.54 817.0 89.0 817.0 265.0 116.0 265.0 
1 3 0.92 0.92 817.0 89.0 817.0 265.0 116.0 265.0 329.0 123.0 329.0 
1 2 0.59 0.59 971.0 252.0 971.0 971.0 326.0 971.0 
1 3 0.63 0.63 971.0 252.0 971.0 971.0 326.0 971.0 251.0 9.0 251.0 
1 2 0.37 0.37 192.0 10.0 192.0 74.0 24.0 74.0 
1 3 0.86 0.86 192.0 10.0 192.0 74.0 24.0 74.0 365.0 180.0 365.0 
1 2 0.53 0.53 79.0 17.0 79.0 741.0 235.0 741.0 
1 3 0.89 0.89 79.0 17.0 79.0 741.0 235.0 741.0 105.0 38.0 105.0 
1 2 0.87 0.87 924.0 373.0 924.0 848.0 402.0 848.0 
1 2 0.41 0.41 208.0 63.0 208.0 919.0 100.0 919.0 
1 3 0.7 0.7 208.0 63.0 208.0 919.0 100.0 919.0 584.0 172.0 584.0 
1 2 0.88 0.88 984.0 732.0 984.0 649.0 89.0 649.0 
1 2 0.65 0.65 858.0 296.0 858.0 726.0 228.0 726.0 
1 2 0.4 0.4 447.0 155.0 447.0 981.0 59.0 981.0 
1 3 0.58 0.58 447.0 155.0 447.0 981.0 59.0 981.0 363.0 64.0 363.0 
1 2 0.72 0.72 411.0 156.0 411.0 251.0 86.0 251.0 
1 2 0.51 0.51 980.0 440.0 980.0 933.0 64.0 933.0 
1 2 0.58 0.58 284.0 40.0 284.0 578.0 257.0 578.0 
1 3 0.63 0.63 284.0 40.0 284.0 578.0 257.0 578.0 75.0 4.0 75.0 
1 4 0.89 0.89 284.0 40.0 284.0 578.0 257.0 578.0 75.0 4.0 75.0 360.0 94.0 360.0 
1 2 0.52 0.52 847.0 227.0 847.0 549.0 143.0 549.0 
1 2 0.38 0.38 49.0 10.0 49.0 781.0 140.0 781.0 
1 2 0.56 0.56 539.0 100.0 539.0 223.0 84.0 223.0 
1 2 0.16 0.16 974.0 116.0 974.0 513.0 22.0 513.0 
1 3 0.41 0.41 974.0 116.0 974.0 513.0 22.0 513.0 898.0 230.0 898.0 
1 4 0.53 0.53 974.0 116.0 974.0 513.0 22.0 513.0 898.0 230.0 898.0 163.0 19.0 163.0 
1 2 0.86 0.86 300.0 95.0 300.0 201.0 111.0 201.0 
1 2 0.78 0.78 552.0 367.0 552.0 761.0 95.0 761.0 
1 2 0.22 0.22 341.0 33.0 341.0 591.0 77.0 591.0 
1 3 0.75 0.75 341.0 33.0 341.0 591.0 77.0 591.0 391.0 206.0 391.0 
1 4 0.89 0.89 341.0 33.0 341.0 591.0 77.0 591.0 391.0 206.0 391.0 187.0 26.0 187.0 
1 2 0.72 0.72 571.0 76.0 571.0 729.0 433.0 729.0 
1 3 0.77 0.77 571.0 76.0 571.0 729.0 433.0 729.0 634.0 30.0 634.0 
1 2 0.75 0.75 682.0 302.0 682.0 794.0 248.0 794.0 
1 2 0.48 0.48 241.0 18.0 241.0 398.0 163.0 398.0 
1 2 0.19 0.19 929.0 71.0 929.0 775.0 93.0 775.0 
1 3 0.79 0.79 929.0 71.0 929.0 775.0 93.0 775.0 165.0 99.0 165.0 
1 4 0.8 0.8 929.0 71.0 929.0 775.0 93.0 775.0 165.0 99.0 165.0 194.0 1.0 194.0 
1 2 0.7 0.7 941.0 545.0 941.0 332.0 41.0 332.0 
1 3 0.7 0.7 941.0 545.0 941.0 332.0 41.0 332.0 989.0 5.0 989.0 
1 4 0.85 0.85 941.0 545.0 941.0 332.0 41.0 332.0 989.0 5.0 989.0 42.0 6.0 42.0 
1 2 0.8 0.8 85.0 2.0 85.0 885.0 694.0 885.0 
1 3 0.92 0.92 85.0 2.0 85.0 885.0 694.0 885.0 137.0 16.0 137.0 
1 2 0.65 0.65 183.0 62.0 183.0 978.0 308.0 978.0 
1 2 0.85 0.85 600.0 268.0 600.0 532.0 216.0 532.0 
1 3 0.9 0.9 600.0 268.0 600.0 532.0 216.0 532.0 578.0 30.0 578.0 
1 2 0.77 0.77 396.0 42.0 396.0 900.0 601.0 900.0 
1 3 0.85 0.85 396.0 42.0 396.0 900.0 601.0 900.0 284.0 24.0 284.0 
1 2 0.93 0.93 876.0 704.0 876.0 632.0 83.0 632.0 
1 2 0.64 0.64 667.0 4.0 667.0 400.0 254.0 400.0 
1 2 0.55 0.55 1000.0 421.0 1000.0 730.0 99.0 730.0 
1 3 0.56 0.56 1000.0 421.0 1000.0 730.0 99.0 730.0 996.0 9.0 996.0 
1 2 0.29 0.29 999.0 171.0 999.0 609.0 73.0 609.0 
1 3 0.83 0.83 999.0 171.0 999.0 609.0 73.0 609.0 312.0 169.0 312.0 
1 2 0.11 0.11 174.0 19.0 174.0 160.0 1.0 160.0 
1 3 0.66 0.66 174.0 19.0 174.0 160.0 1.0 160.0 320.0 177.0 320.0 
1 4 0.77 0.77 174.0 19.0 174.0 160.0 1.0 160.0 320.0 177.0 320.0 167.0 17.0 167.0 
1 5 0.89 0.89 174.0 19.0 174.0 160.0 1.0 160.0 320.0 177.0 320.0 167.0 17.0 167.0 383.0 46.0 383.0 
1 6 0.99 0.99 174.0 19.0 174.0 160.0 1.0 160.0 320.0 177.0 320.0 167.0 17.0 167.0 383.0 46.0 383.0 589.0 63.0 589.0 
1 2 0.52 0.52 554.0 198.0 554.0 371.0 61.0 371.0 
1 3 0.73 0.73 554.0 198.0 554.0 371.0 61.0 371.0 812.0 172.0 812.0 
1 2 0.42 0.42 758.0 205.0 758.0 916.0 145.0 916.0 
1 2 0.54 0.54 98.0 42.0 98.0 859.0 101.0 859.0 
1 3 0.56 0.56 98.0 42.0 98.0 859.0 101.0 859.0 784.0 12.0 784.0 
1 2 0.53 0.53 798.0 152.0 798.0 997.0 346.0 997.0 
1 2 0.25 0.25 894.0 221.0 894.0 307.0 1.0 307.0 
1 3 0.58 0.58 894.0 221.0 894.0 307.0 1.0 307.0 337.0 114.0 337.0 
1 4 0.77 0.77 894.0 221.0 894.0 307.0 1.0 307.0 337.0 114.0 337.0 138.0 26.0 138.0 
1 2 0.41 0.41 233.0 69.0 233.0 892.0 110.0 892.0 
1 2 0.93 0.93 123.0 99.0 123.0 437.0 58.0 437.0 
1 2 0.74 0.74 161.0 86.0 161.0 440.0 94.0 440.0 
1 3 0.98 0.98 161.0 86.0 161.0 440.0 94.0 440.0 722.0 174.0 722.0 
1 2 0.65 0.65 563.0 76.0 563.0 292.0 151.0 292.0 
1 2 0.17 0.17 567.0 32.0 567.0 961.0 117.0 961.0 
1 3 0.57 0.57 567.0 32.0 567.0 961.0 117.0 961.0 238.0 94.0 238.0 
1 2 0.28 0.28 365.0 91.0 365.0 247.0 9.0 247.0 
1 3 0.85 0.85 365.0 91.0 365.0 247.0 9.0 247.0 560.0 318.0 560.0 
1 2 0.74 0.74 817.0 125.0 817.0 736.0 435.0 736.0 
1 2 0.46 0.46 963.0 200.0 963.0 89.0 23.0 89.0 
1 3 0.92 0.92 963.0 200.0 963.0 89.0 23.0 89.0 440.0 204.0 440.0 
1 2 0.83 0.83 47.0 37.0 47.0 45.0 2.0 45.0 
1 2 0.99 0.99 849.0 755.0 849.0 178.0 19.0 178.0 
1 2 0.89 0.89 154.0 52.0 154.0 858.0 475.0 858.0 
1 3 0.93 0.93 154.0 52.0 154.0 858.0 475.0 858.0 471.0 19.0 471.0 
1 4 0.95 0.95 154.0 52.0 154.0 858.0 475.0 858.0 471.0 19.0 471.0 516.0 12.0 516.0 
1 2 0.9 0.9 471.0 58.0 471.0 654.0 513.0 654.0 
1 3 0.98 0.98 471.0 58.0 471.0 654.0 513.0 654.0 361.0 27.0 361.0 
1 2 0.89 0.89 159.0 110.0 159.0 101.0 21.0 101.0 
1 2 0.68 0.68 291.0 68.0 291.0 11.0 5.0 11.0 
1 2 0.28 0.28 500.0 86.0 500.0 359.0 39.0 359.0 
1 3 0.32 0.32 500.0 86.0 500.0 359.0 39.0 359.0 330.0 15.0 330.0 
1 4 0.46 0.46 500.0 86.0 500.0 359.0 39.0 359.0 330.0 15.0 330.0 882.0 120.0 882.0 
1 5 0.58 0.58 500.0 86.0 500.0 359.0 39.0 359.0 330.0 15.0 330.0 882.0 120.0 882.0 672.0 84.0 672.0 
1 2 0.37 0.37 896.0 6.0 896.0 35.0 13.0 35.0 
1 3 0.68 0.68 896.0 6.0 896.0 35.0 13.0 35.0 335.0 102.0 335.0 
1 4 0.99 0.99 896.0 6.0 896.0 35.0 13.0 35.0 335.0 102.0 335.0 16.0 5.0 16.0 
1 2 0.53 0.53 946.0 262.0 946.0 218.0 57.0 218.0 
1 3 0.92 0.92 946.0 262.0 946.0 218.0 57.0 218.0 383.0 149.0 383.0 
1 2 0.34 0.34 127.0 29.0 127.0 988.0 120.0 988.0 
1 3 0.52 0.52 127.0 29.0 127.0 988.0 120.0 988.0 969.0 168.0 969.0 
1 2 0.15 0.15 201.0 17.0 201.0 382.0 25.0 382.0 
1 3 0.23 0.23 201.0 17.0 201.0 382.0 25.0 382.0 317.0 26.0 317.0 
1 4 0.9 0.9 201.0 17.0 201.0 382.0 25.0 382.0 317.0 26.0 317.0 688.0 465.0 688.0 
1 2 0.98 0.98 94.0 7.0 94.0 439.0 401.0 439.0 
1 2 0.63 0.63 807.0 463.0 807.0 206.0 13.0 206.0 
1 3 0.9 0.9 807.0 463.0 807.0 206.0 13.0 206.0 800.0 217.0 800.0 
1 2 0.65 0.65 699.0 279.0 699.0 172.0 44.0 172.0 
1 2 0.84 0.84 703.0 225.0 703.0 754.0 395.0 754.0 
1 2 0.95 0.95 557.0 283.0 557.0 884.0 395.0 884.0 
1 2 0.95 0.95 706.0 101.0 706.0 855.0 690.0 855.0 
1 2 0.83 0.83 337.0 220.0 337.0 826.0 149.0 826.0 
1 2 0.48 0.48 485.0 67.0 485.0 946.0 324.0 946.0 
1 2 0.37 0.37 800.0 15.0 800.0 215.0 76.0 215.0 
1 2 0.69 0.69 763.0 161.0 763.0 732.0 352.0 732.0 
1 2 0.88 0.88 753.0 10.0 753.0 952.0 833.0 952.0 
1 2 0.77 0.77 916.0 481.0 916.0 460.0 113.0 460.0 
1 3 0.98 0.98 916.0 481.0 916.0 460.0 113.0 460.0 428.0 91.0 428.0 
1 4 0.99 0.99 916.0 481.0 916.0 460.0 113.0 460.0 428.0 91.0 428.0 654.0 7.0 654.0 
1 2 0.28 0.28 296.0 29.0 296.0 951.0 178.0 951.0 
1 3 0.49 0.49 296.0 29.0 296.0 951.0 178.0 951.0 545.0 116.0 545.0 
1 4 0.77 0.77 296.0 29.0 296.0 951.0 178.0 951.0 545.0 116.0 545.0 276.0 76.0 276.0 
1 5 0.97 0.97 296.0 29.0 296.0 951.0 178.0 951.0 545.0 116.0 545.0 276.0 76.0 276.0 560.0 115.0 560.0 
1 2 0.32 0.32 282.0 84.0 282.0 126.0 3.0 126.0 
1 2 0.87 0.87 451.0 69.0 451.0 963.0 698.0 963.0 
1 2 0.53 0.53 681.0 38.0 681.0 261.0 124.0 261.0 
1 3 0.61 0.61 681.0 38.0 681.0 261.0 124.0 261.0 922.0 75.0 922.0 
1 4 0.65 0.65 681.0 38.0 681.0 261.0 124.0 261.0 922.0 75.0 922.0 66.0 3.0 66.0 
1 2 0.08 0.08 789.0 6.0 789.0 98.0 8.0 98.0 
1 3 0.49 0.49 789.0 6.0 789.0 98.0 8.0 98.0 717.0 292.0 717.0 
1 4 0.79 0.79 789.0 6.0 789.0 98.0 8.0 98.0 717.0 292.0 717.0 265.0 80.0 265.0 
1 5 0.92 0.92 789.0 6.0 789.0 98.0 8.0 98.0 717.0 292.0 717.0 265.0 80.0 265.0 598.0 76.0 598.0 
1 2 0.61 0.61 178.0 89.0 178.0 299.0 33.0 299.0 
1 3 0.74 0.74 178.0 89.0 178.0 299.0 33.0 299.0 507.0 70.0 507.0 
1 2 0.37 0.37 83.0 29.0 83.0 370.0 11.0 370.0 
1 2 0.43 0.43 859.0 284.0 859.0 234.0 25.0 234.0 
1 3 0.64 0.64 859.0 284.0 859.0 234.0 25.0 234.0 914.0 191.0 914.0 
1 4 0.98 0.98 859.0 284.0 859.0 234.0 25.0 234.0 914.0 191.0 914.0 860.0 294.0 860.0 
1 2 0.75 0.75 43.0 21.0 43.0 386.0 103.0 386.0 
1 2 0.48 0.48 599.0 283.0 599.0 700.0 7.0 700.0 
1 3 0.86 0.86 599.0 283.0 599.0 700.0 7.0 700.0 624.0 237.0 624.0 
1 2 0.49 0.49 344.0 150.0 344.0 371.0 23.0 371.0 
1 3 0.84 0.84 344.0 150.0 344.0 371.0 23.0 371.0 97.0 34.0 97.0 
1 4 0.95 0.95 344.0 150.0 344.0 371.0 23.0 371.0 97.0 34.0 97.0 968.0 102.0 968.0 
1 2 0.63 0.63 52.0 30.0 52.0 919.0 51.0 919.0 
1 2 0.19 0.19 568.0 111.0 568.0 361.0 1.0 361.0 
1 2 0.4 0.4 530.0 85.0 530.0 862.0 213.0 862.0 
1 3 0.67 0.67 530.0 85.0 530.0 862.0 213.0 862.0 122.0 33.0 122.0 
1 4 0.69 0.69 530.0 85.0 530.0 862.0 213.0 862.0 122.0 33.0 122.0 295.0 4.0 295.0 
1 5 0.74 0.74 530.0 85.0 530.0 862.0 213.0 862.0 122.0 33.0 122.0 295.0 4.0 295.0 473.0 27.0 473.0 
1 2 0.18 0.18 973.0 25.0 973.0 610.0 99.0 610.0 
1 2 0.88 0.88 893.0 697.0 893.0 10.0 1.0 10.0 
1 2 0.92 0.92 914.0 64.0 914.0 270.0 232.0 270.0 
1 2 0.34 0.34 151.0 8.0 151.0 131.0 38.0 131.0 
1 3 0.84 0.84 151.0 8.0 151.0 131.0 38.0 131.0 632.0 316.0 632.0 
1 2 0.93 0.93 316.0 109.0 316.0 126.0 74.0 126.0 
1 2 0.81 0.81 294.0 225.0 294.0 918.0 46.0 918.0 
1 3 0.85 0.85 294.0 225.0 294.0 918.0 46.0 918.0 74.0 3.0 74.0 
1 2 0.21 0.21 249.0 46.0 249.0 195.0 5.0 195.0 
1 3 0.51 0.51 249.0 46.0 249.0 195.0 5.0 195.0 572.0 174.0 572.0 
1 4 0.63 0.63 249.0 46.0 249.0 195.0 5.0 195.0 572.0 174.0 572.0 447.0 54.0 447.0 
1 2 0.16 0.16 406.0 39.0 406.0 135.0 9.0 135.0 
1 3 0.67 0.67 406.0 39.0 406.0 135.0 9.0 135.0 913.0 467.0 913.0 
1 2 0.38 0.38 575.0 164.0 575.0 424.0 44.0 424.0 
1 3 0.43 0.43 575.0 164.0 575.0 424.0 44.0 424.0 959.0 43.0 959.0 
1 2 0.85 0.85 522.0 420.0 522.0 708.0 39.0 708.0 
1 3 0.97 0.97 522.0 420.0 522.0 708.0 39.0 708.0 592.0 67.0 592.0 
1 2 0.44 0.44 68.0 18.0 68.0 110.0 20.0 110.0 
1 3 0.81 0.81 68.0 18.0 68.0 110.0 20.0 110.0 443.0 162.0 443.0 
1 2 0.71 0.71 979.0 530.0 979.0 85.0 15.0 85.0 
1 3 0.98 0.98 979.0 530.0 979.0 85.0 15.0 85.0 91.0 24.0 91.0 
1 2 0.05 0.05 647.0 10.0 647.0 458.0 18.0 458.0 
1 3 0.49 0.49 647.0 10.0 647.0 458.0 18.0 458.0 256.0 112.0 256.0 
1 4 0.82 0.82 647.0 10.0 647.0 458.0 18.0 458.0 256.0 112.0 256.0 705.0 233.0 705.0 
1 2 0.18 0.18 53.0 9.0 53.0 219.0 3.0 219.0 
1 2 0.59 0.59 314.0 156.0 314.0 500.0 47.0 500.0 
1 3 0.76 0.76 314.0 156.0 314.0 500.0 47.0 500.0 892.0 155.0 892.0 
1 2 0.97 0.97 68.0 59.0 68.0 888.0 98.0 888.0 
1 2 0.67 0.67 454.0 221.0 454.0 445.0 83.0 445.0 
1 3 0.85 0.85 454.0 221.0 454.0 445.0 83.0 445.0 595.0 111.0 595.0 
1 2 0.48 0.48 524.0 34.0 524.0 642.0 269.0 642.0 
1 3 0.6 0.6 524.0 34.0 524.0 642.0 269.0 642.0 842.0 106.0 842.0 
1 2 0.95 0.95 707.0 632.0 707.0 17.0 1.0 17.0 
1 3 0.95 0.95 707.0 632.0 707.0 17.0 1.0 17.0 962.0 4.0 962.0 
1 2 0.39 0.39 501.0 154.0 501.0 11.0 1.0 11.0 
1 2 0.66 0.66 797.0 250.0 797.0 730.0 253.0 730.0 
1 2 0.62 0.62 401.0 61.0 401.0 341.0 161.0 341.0 
1 2 0.4 0.4 532.0 141.0 532.0 29.0 4.0 29.0 
1 3 0.91 0.91 532.0 141.0 532.0 29.0 4.0 29.0 135.0 69.0 135.0 
1 2 0.79 0.79 124.0 52.0 124.0 967.0 368.0 967.0 
1 3 0.8 0.8 124.0 52.0 124.0 967.0 368.0 967.0 467.0 1.0 467.0 
1 4 0.86 0.86 124.0 52.0 124.0 967.0 368.0 967.0 467.0 1.0 467.0 992.0 66.0 992.0 
1 2 0.19 0.19 307.0 14.0 307.0 971.0 143.0 971.0 
1 3 0.34 0.34 307.0 14.0 307.0 971.0 143.0 971.0 592.0 89.0 592.0 
1 4 0.64 0.64 307.0 14.0 307.0 971.0 143.0 971.0 592.0 89.0 592.0 491.0 148.0 491.0 
1 2 0.58 0.58 222.0 76.0 222.0 598.0 144.0 598.0 
1 3 0.87 0.87 222.0 76.0 222.0 598.0 144.0 598.0 273.0 80.0 273.0 
1 4 0.97 0.97 222.0 76.0 222.0 598.0 144.0 598.0 273.0 80.0 273.0 835.0 80.0 835.0 
1 2 0.31 0.31 504.0 94.0 504.0 944.0 120.0 944.0 
1 3 0.75 0.75 504.0 94.0 504.0 944.0 120.0 944.0 126.0 55.0 126.0 
1 4 0.91 0.91 504.0 94.0 504.0 944.0 120.0 944.0 126.0 55.0 126.0 865.0 139.0 865.0 
1 2 0.92 0.92 316.0 153.0 316.0 985.0 437.0 985.0 
1 2 0.67 0.67 51.0 7.0 51.0 362.0 195.0 362.0 
1 2 0.92 0.92 249.0 74.0 249.0 700.0 441.0 700.0 
1 2 0.85 0.85 667.0 350.0 667.0 491.0 162.0 491.0 
1 3 0.88 0.88 667.0 350.0 667.0 491.0 162.0 491.0 595.0 18.0 595.0 
1 2 0.74 0.74 56.0 13.0 56.0 186.0 95.0 186.0 
1 3 0.93 0.93 56.0 13.0 56.0 186.0 95.0 186.0 102.0 20.0 102.0 
1 2 0.7 0.7 365.0 107.0 365.0 373.0 155.0 373.0 
1 3 0.84 0.84 365.0 107.0 365.0 373.0 155.0 373.0 704.0 97.0 704.0 
1 2 0.37 0.37 311.0 25.0 311.0 767.0 224.0 767.0 
1 3 0.37 0.37 311.0 25.0 311.0 767.0 224.0 767.0 212.0 1.0 212.0 
1 4 0.38 0.38 311.0 25.0 311.0 767.0 224.0 767.0 212.0 1.0 212.0 804.0 10.0 804.0 
1 5 0.62 0.62 311.0 25.0 311.0 767.0 224.0 767.0 212.0 1.0 212.0 804.0 10.0 804.0 539.0 127.0 539.0 
1 6 0.85 0.85 311.0 25.0 311.0 767.0 224.0 767.0 212.0 1.0 212.0 804.0 10.0 804.0 539.0 127.0 539.0 115.0 26.0 115.0 
1 7 0.87 0.87 311.0 25.0 311.0 767.0 224.0 767.0 212.0 1.0 212.0 804.0 10.0 804.0 539.0 127.0 539.0 115.0 26.0 115.0 598.0 13.0 598.0 
1 2 0.47 0.47 156.0 28.0 156.0 285.0 85.0 285.0 
1 3 0.64 0.64 156.0 28.0 156.0 285.0 85.0 285.0 12.0 2.0 12.0 
1 4 0.72 0.72 156.0 28.0 156.0 285.0 85.0 285.0 12.0 2.0 12.0 415.0 35.0 415.0 
1 2 0.65 0.65 906.0 352.0 906.0 186.0 50.0 186.0 
1 2 0.99 0.99 752.0 585.0 752.0 80.0 17.0 80.0 
1 2 0.61 0.61 608.0 31.0 608.0 179.0 101.0 179.0 
1 2 0.15 0.15 730.0 31.0 730.0 322.0 36.0 322.0 
1 3 0.29 0.29 730.0 31.0 730.0 322.0 36.0 322.0 599.0 83.0 599.0 
1 4 0.45 0.45 730.0 31.0 730.0 322.0 36.0 322.0 599.0 83.0 599.0 471.0 75.0 471.0 
1 5 0.78 0.78 730.0 31.0 730.0 322.0 36.0 322.0 599.0 83.0 599.0 471.0 75.0 471.0 371.0 124.0 371.0 
1 2 0.4 0.4 236.0 16.0 236.0 866.0 291.0 866.0 
1 3 0.51 0.51 236.0 16.0 236.0 866.0 291.0 866.0 824.0 94.0 824.0 
1 4 0.85 0.85 236.0 16.0 236.0 866.0 291.0 866.0 824.0 94.0 824.0 815.0 273.0 815.0 
1 2 0.2 0.2 830.0 82.0 830.0 18.0 2.0 18.0 
1 3 0.98 0.98 830.0 82.0 830.0 18.0 2.0 18.0 770.0 596.0 770.0 
1 2 0.34 0.34 449.0 50.0 449.0 830.0 195.0 830.0 
1 3 0.88 0.88 449.0 50.0 449.0 830.0 195.0 830.0 862.0 462.0 862.0 
1 2 0.45 0.45 54.0 6.0 54.0 871.0 297.0 871.0 
1 3 0.83 0.83 54.0 6.0 54.0 871.0 297.0 871.0 979.0 372.0 979.0 
1 4 0.93 0.93 54.0 6.0 54.0 871.0 297.0 871.0 979.0 372.0 979.0 837.0 86.0 837.0 
1 2 0.89 0.89 283.0 150.0 283.0 690.0 250.0 690.0 
1 3 0.9 0.9 283.0 150.0 283.0 690.0 250.0 690.0 542.0 8.0 542.0 
1 2 0.88 0.88 141.0 94.0 141.0 395.0 85.0 395.0 
1 2 0.45 0.45 233.0 46.0 233.0 944.0 239.0 944.0 
1 3 0.59 0.59 233.0 46.0 233.0 944.0 239.0 944.0 14.0 2.0 14.0 
1 2 0.61 0.61 658.0 279.0 658.0 741.0 142.0 741.0 
1 3 0.92 0.92 658.0 279.0 658.0 741.0 142.0 741.0 597.0 185.0 597.0 
1 4 0.96 0.96 658.0 279.0 658.0 741.0 142.0 741.0 597.0 185.0 597.0 608.0 27.0 608.0 
1 2 0.32 0.32 232.0 33.0 232.0 316.0 59.0 316.0 
1 2 0.29 0.29 525.0 124.0 525.0 684.0 39.0 684.0 
1 3 0.65 0.65 525.0 124.0 525.0 684.0 39.0 684.0 272.0 99.0 272.0 
1 2 0.92 0.92 532.0 75.0 532.0 612.0 482.0 612.0 
1 2 0.75 0.75 913.0 119.0 913.0 882.0 555.0 882.0 
1 3 0.96 0.96 913.0 119.0 913.0 882.0 555.0 882.0 730.0 148.0 730.0 
1 2 0.36 0.36 946.0 262.0 946.0 543.0 46.0 543.0 
1 2 0.4 0.4 249.0 34.0 249.0 975.0 259.0 975.0 
1 2 0.23 0.23 765.0 146.0 765.0 92.0 4.0 92.0 
1 3 0.26 0.26 765.0 146.0 765.0 92.0 4.0 92.0 310.0 11.0 310.0 
1 4 0.98 0.98 765.0 146.0 765.0 92.0 4.0 92.0 310.0 11.0 310.0 459.0 328.0 459.0 
1 2 0.88 0.88 16.0 3.0 16.0 269.0 188.0 269.0 
1 2 0.94 0.94 890.0 486.0 890.0 797.0 316.0 797.0 
1 2 0.35 0.35 283.0 11.0 283.0 730.0 229.0 730.0 
1 3 0.56 0.56 283.0 11.0 283.0 730.0 229.0 730.0 712.0 148.0 712.0 
1 2 0.95 0.95 374.0 87.0 374.0 54.0 39.0 54.0 
1 2 0.43 0.43 46.0 18.0 46.0 983.0 39.0 983.0 
1 3 0.53 0.53 46.0 18.0 46.0 983.0 39.0 983.0 89.0 9.0 89.0 
1 4 0.66 0.66 46.0 18.0 46.0 983.0 39.0 983.0 89.0 9.0 89.0 698.0 96.0 698.0 
1 2 0.69 0.69 470.0 39.0 470.0 200.0 122.0 200.0 
1 3 0.87 0.87 470.0 39.0 470.0 200.0 122.0 200.0 362.0 65.0 362.0 
1 2 0.17 0.17 543.0 87.0 543.0 667.0 10.0 667.0 
1 3 0.36 0.36 543.0 87.0 543.0 667.0 10.0 667.0 608.0 113.0 608.0 
1 4 0.5 0.5 543.0 87.0 543.0 667.0 10.0 667.0 608.0 113.0 608.0 913.0 128.0 913.0 
1 5 0.89 0.89 543.0 87.0 543.0 667.0 10.0 667.0 608.0 113.0 608.0 913.0 128.0 913.0 872.0 343.0 872.0 
1 2 0.38 0.38 511.0 45.0 511.0 610.0 181.0 610.0 
1 3 0.82 0.82 511.0 45.0 511.0 610.0 181.0 610.0 395.0 172.0 395.0 
1 4 0.88 0.88 511.0 45.0 511.0 610.0 181.0 610.0 395.0 172.0 395.0 692.0 48.0 692.0 
1 2 0.97 0.97 742.0 446.0 742.0 621.0 233.0 621.0 
1 2 0.4 0.4 823.0 204.0 823.0 476.0 77.0 476.0 
1 3 0.41 0.41 823.0 204.0 823.0 476.0 77.0 476.0 906.0 9.0 906.0 
1 2 0.68 0.68 56.0 37.0 56.0 70.0 2.0 70.0 
1 3 0.87 0.87 56.0 37.0 56.0 70.0 2.0 70.0 746.0 142.0 746.0 
1 2 0.84 0.84 481.0 189.0 481.0 889.0 404.0 889.0 
1 2 0.78 0.78 274.0 44.0 274.0 273.0 170.0 273.0 
1 2 0.8 0.8 566.0 280.0 566.0 414.0 129.0 414.0 
1 3 0.97 0.97 566.0 280.0 566.0 414.0 129.0 414.0 809.0 133.0 809.0 
1 2 0.58 0.58 491.0 251.0 491.0 779.0 54.0 779.0 
1 3 0.63 0.63 491.0 251.0 491.0 779.0 54.0 779.0 652.0 38.0 652.0 
1 2 0.89 0.89 74.0 38.0 74.0 191.0 73.0 191.0 
1 2 0.1 0.1 930.0 34.0 930.0 14.0 1.0 14.0 
1 2 0.42 0.42 440.0 67.0 440.0 920.0 254.0 920.0 
1 3 0.77 0.77 440.0 67.0 440.0 920.0 254.0 920.0 739.0 257.0 739.0 
1 2 0.48 0.48 182.0 78.0 182.0 774.0 41.0 774.0 
1 3 0.53 0.53 182.0 78.0 182.0 774.0 41.0 774.0 298.0 16.0 298.0 
1 4 0.73 0.73 182.0 78.0 182.0 774.0 41.0 774.0 298.0 16.0 298.0 835.0 166.0 835.0 
1 2 0.85 0.85 47.0 11.0 47.0 913.0 565.0 913.0 
1 2 0.78 0.78 494.0 379.0 494.0 78.0 1.0 78.0 
1 2 0.66 0.66 94.0 61.0 94.0 296.0 6.0 296.0 
1 3 0.89 0.89 94.0 61.0 94.0 296.0 6.0 296.0 542.0 121.0 542.0 
1 2 0.54 0.54 333.0 48.0 333.0 399.0 161.0 399.0 
1 2 0.22 0.22 335.0 59.0 335.0 230.0 11.0 230.0 
1 2 0.51 0.51 131.0 40.0 131.0 360.0 75.0 360.0 
1 3 0.58 0.58 131.0 40.0 131.0 360.0 75.0 360.0 511.0 35.0 511.0 
1 4 0.79 0.79 131.0 40.0 131.0 360.0 75.0 360.0 511.0 35.0 511.0 427.0 93.0 427.0 
1 2 0.33 0.33 405.0 7.0 405.0 761.0 242.0 761.0 
1 3 0.79 0.79 405.0 7.0 405.0 761.0 242.0 761.0 797.0 363.0 797.0 
1 2 0.66 0.66 106.0 64.0 106.0 352.0 22.0 352.0 
1 3 0.78 0.78 106.0 64.0 106.0 352.0 22.0 352.0 810.0 100.0 810.0 
1 2 0.68 0.68 75.0 43.0 75.0 399.0 46.0 399.0 
1 2 0.91 0.91 231.0 207.0 231.0 287.0 5.0 287.0 
1 2 0.49 0.49 560.0 122.0 560.0 738.0 208.0 738.0 
1 3 0.68 0.68 560.0 122.0 560.0 738.0 208.0 738.0 134.0 25.0 134.0 
1 2 0.99 0.99 150.0 127.0 150.0 173.0 25.0 173.0 
1 2 0.03 0.03 942.0 1.0 942.0 863.0 33.0 863.0 
1 3 0.14 0.14 942.0 1.0 942.0 863.0 33.0 863.0 663.0 71.0 663.0 
1 4 0.65 0.65 942.0 1.0 942.0 863.0 33.0 863.0 663.0 71.0 663.0 288.0 146.0 288.0 
1 2 0.29 0.29 799.0 14.0 799.0 919.0 256.0 919.0 
1 3 0.75 0.75 799.0 14.0 799.0 919.0 256.0 919.0 884.0 407.0 884.0 
1 2 0.48 0.48 356.0 121.0 356.0 861.0 122.0 861.0 
1 2 0.59 0.59 809.0 113.0 809.0 536.0 244.0 536.0 
1 3 0.95 0.95 809.0 113.0 809.0 536.0 244.0 536.0 14.0 5.0 14.0 
1 2 0.19 0.19 785.0 123.0 785.0 24.0 1.0 24.0 
1 3 0.94 0.94 785.0 123.0 785.0 24.0 1.0 24.0 292.0 218.0 292.0 
1 4 0.97 0.97 785.0 123.0 785.0 24.0 1.0 24.0 292.0 218.0 292.0 389.0 10.0 389.0 
1 2 0.51 0.51 684.0 173.0 684.0 154.0 40.0 154.0 
1 3 0.62 0.62 684.0 173.0 684.0 154.0 40.0 154.0 613.0 68.0 613.0 
1 4 0.85 0.85 684.0 173.0 684.0 154.0 40.0 154.0 613.0 68.0 613.0 119.0 28.0 119.0 
1 5 0.98 0.98 684.0 173.0 684.0 154.0 40.0 154.0 613.0 68.0 613.0 119.0 28.0 119.0 727.0 93.0 727.0 
1 2 0.81 0.81 479.0 323.0 479.0 139.0 19.0 139.0 
1 2 0.98 0.98 71.0 13.0 71.0 630.0 505.0 630.0 
1 2 0.55 0.55 518.0 236.0 518.0 910.0 87.0 910.0 
1 2 0.64 0.64 378.0 129.0 378.0 10.0 3.0 10.0 
1 2 0.79 0.79 951.0 364.0 951.0 99.0 41.0 99.0 
1 2 0.42 0.42 923.0 207.0 923.0 466.0 94.0 466.0 
1 3 0.47 0.47 923.0 207.0 923.0 466.0 94.0 466.0 481.0 23.0 481.0 
1 4 0.99 0.99 923.0 207.0 923.0 466.0 94.0 466.0 481.0 23.0 481.0 922.0 478.0 922.0 
1 2 0.95 0.95 43.0 11.0 43.0 893.0 623.0 893.0 
1 2 0.58 0.58 918.0 459.0 918.0 155.0 13.0 155.0 
1 2 0.8 0.8 555.0 211.0 555.0 481.0 203.0 481.0 
1 2 0.63 0.63 575.0 221.0 575.0 727.0 181.0 727.0 
1 2 0.94 0.94 70.0 60.0 70.0 887.0 74.0 887.0 
1 2 0.77 0.77 257.0 180.0 257.0 529.0 37.0 529.0 
1 3 0.92 0.92 257.0 180.0 257.0 529.0 37.0 529.0 314.0 47.0 314.0 
1 2 0.49 0.49 816.0 314.0 816.0 286.0 31.0 286.0 
1 3 0.51 0.51 816.0 314.0 816.0 286.0 31.0 286.0 904.0 22.0 904.0 
1 2 0.36 0.36 800.0 10.0 800.0 331.0 118.0 331.0 
1 2 0.74 0.74 903.0 540.0 903.0 635.0 93.0 635.0 
1 2 0.67 0.67 276.0 133.0 276.0 89.0 17.0 89.0 
1 3 0.97 0.97 276.0 133.0 276.0 89.0 17.0 89.0 333.0 102.0 333.0 
1 2 0.15 0.15 9.0 1.0 9.0 126.0 6.0 126.0 
1 2 0.91 0.91 565.0 208.0 565.0 135.0 74.0 135.0 
1 3 0.95 0.95 565.0 208.0 565.0 135.0 74.0 135.0 787.0 27.0 787.0 
1 2 0.86 0.86 800.0 540.0 800.0 633.0 122.0 633.0 
1 2 0.94 0.94 153.0 16.0 153.0 25.0 21.0 25.0 
1 2 0.11 0.11 368.0 3.0 368.0 642.0 69.0 642.0 
1 3 0.35 0.35 368.0 3.0 368.0 642.0 69.0 642.0 628.0 152.0 628.0 
1 2 0.54 0.54 878.0 109.0 878.0 52.0 22.0 52.0 
1 2 0.92 0.92 109.0 14.0 109.0 185.0 148.0 185.0 
1 2 0.91 0.91 1000.0 615.0 1000.0 111.0 33.0 111.0 
